38 #SUP: 210629
16 38 #SUP: 205764
16 18 38 #SUP: 205313
12 16 18 38 #SUP: 205227
12 16 17 18 38 #SUP: 205211
16 17 18 38 #SUP: 205297
12 16 38 #SUP: 205634
12 16 17 38 #SUP: 205618
16 17 38 #SUP: 205748
18 38 #SUP: 209987
12 18 38 #SUP: 209893
12 17 18 38 #SUP: 209877
17 18 38 #SUP: 209971
12 38 #SUP: 210304
12 17 38 #SUP: 210288
17 38 #SUP: 210613
14 #SUP: 215464
14 16 #SUP: 214280
14 16 18 #SUP: 214080
12 14 16 18 #SUP: 214026
12 14 16 17 18 #SUP: 214018
14 16 17 18 #SUP: 214072
12 14 16 #SUP: 214146
12 14 16 17 #SUP: 214138
14 16 17 #SUP: 214272
14 18 #SUP: 215244
12 14 18 #SUP: 215184
12 14 17 18 #SUP: 215176
14 17 18 #SUP: 215236
12 14 #SUP: 215304
12 14 17 #SUP: 215296
14 17 #SUP: 215456
63 #SUP: 220658
31 63 #SUP: 206292
18 31 63 #SUP: 205681
12 18 31 63 #SUP: 205589
12 17 18 31 63 #SUP: 205568
17 18 31 63 #SUP: 205660
12 31 63 #SUP: 205985
12 17 31 63 #SUP: 205964
17 31 63 #SUP: 206271
16 63 #SUP: 215253
16 18 63 #SUP: 214747
12 16 18 63 #SUP: 214648
12 16 17 18 63 #SUP: 214622
16 17 18 63 #SUP: 214721
12 16 63 #SUP: 215103
12 16 17 63 #SUP: 215077
16 17 63 #SUP: 215227
18 63 #SUP: 219953
12 18 63 #SUP: 219839
12 17 18 63 #SUP: 219813
17 18 63 #SUP: 219927
12 63 #SUP: 220294
12 17 63 #SUP: 220268
17 63 #SUP: 220632
22 #SUP: 230180
22 31 #SUP: 219339
16 22 31 #SUP: 215882
16 18 22 31 #SUP: 215491
12 16 18 22 31 #SUP: 215410
12 16 17 18 22 31 #SUP: 215395
16 17 18 22 31 #SUP: 215476
12 16 22 31 #SUP: 215801
12 16 17 22 31 #SUP: 215786
16 17 22 31 #SUP: 215867
18 22 31 #SUP: 218946
12 18 22 31 #SUP: 218857
12 17 18 22 31 #SUP: 218842
17 18 22 31 #SUP: 218931
12 22 31 #SUP: 219250
12 17 22 31 #SUP: 219235
17 22 31 #SUP: 219324
16 22 #SUP: 225910
16 18 22 #SUP: 225478
12 16 18 22 #SUP: 225386
12 16 17 18 22 #SUP: 225366
16 17 18 22 #SUP: 225458
12 16 22 #SUP: 225818
12 16 17 22 #SUP: 225798
16 17 22 #SUP: 225890
18 22 #SUP: 229746
12 18 22 #SUP: 229643
12 17 18 22 #SUP: 229623
17 18 22 #SUP: 229726
12 22 #SUP: 230077
12 17 22 #SUP: 230057
17 22 #SUP: 230160
1 #SUP: 234704
1 21 #SUP: 207583
1 16 21 #SUP: 204125
1 18 21 #SUP: 207101
1 12 18 21 #SUP: 207005
1 12 17 18 21 #SUP: 206989
1 17 18 21 #SUP: 207085
1 12 21 #SUP: 207383
1 12 17 21 #SUP: 207367
1 17 21 #SUP: 207567
1 31 #SUP: 226026
1 16 31 #SUP: 222867
1 16 18 31 #SUP: 222473
1 12 16 18 31 #SUP: 222389
1 12 16 17 18 31 #SUP: 222374
1 16 17 18 31 #SUP: 222458
1 12 16 31 #SUP: 222761
1 12 16 17 31 #SUP: 222746
1 16 17 31 #SUP: 222852
1 18 31 #SUP: 225577
1 12 18 31 #SUP: 225487
1 12 17 18 31 #SUP: 225472
1 17 18 31 #SUP: 225562
1 12 31 #SUP: 225861
1 12 17 31 #SUP: 225846
1 17 31 #SUP: 226011
1 16 #SUP: 230898
1 16 18 #SUP: 230439
1 12 16 18 #SUP: 230344
1 12 16 17 18 #SUP: 230327
1 16 17 18 #SUP: 230422
1 12 16 #SUP: 230754
1 12 16 17 #SUP: 230737
1 16 17 #SUP: 230881
1 18 #SUP: 234154
1 12 18 #SUP: 234049
1 12 17 18 #SUP: 234032
1 17 18 #SUP: 234137
1 12 #SUP: 234461
1 12 17 #SUP: 234444
1 17 #SUP: 234687
8 #SUP: 239061
8 24 #SUP: 236502
8 24 43 #SUP: 204208
8 17 24 43 #SUP: 204189
8 24 29 #SUP: 209523
8 16 24 29 #SUP: 204518
8 12 16 24 29 #SUP: 204363
8 12 16 17 24 29 #SUP: 204343
8 16 17 24 29 #SUP: 204498
8 18 24 29 #SUP: 208829
8 12 18 24 29 #SUP: 208721
8 12 17 18 24 29 #SUP: 208701
8 17 18 24 29 #SUP: 208809
8 12 24 29 #SUP: 209173
8 12 17 24 29 #SUP: 209153
8 17 24 29 #SUP: 209503
8 21 24 #SUP: 207173
8 18 21 24 #SUP: 206508
8 12 18 21 24 #SUP: 206395
8 12 17 18 21 24 #SUP: 206376
8 17 18 21 24 #SUP: 206489
8 12 21 24 #SUP: 206827
8 12 17 21 24 #SUP: 206808
8 17 21 24 #SUP: 207154
8 24 31 #SUP: 221968
8 16 24 31 #SUP: 217919
8 16 18 24 31 #SUP: 217467
8 12 16 18 24 31 #SUP: 217373
8 12 16 17 18 24 31 #SUP: 217358
8 16 17 18 24 31 #SUP: 217452
8 12 16 24 31 #SUP: 217780
8 12 16 17 24 31 #SUP: 217765
8 16 17 24 31 #SUP: 217904
8 18 24 31 #SUP: 221325
8 12 18 24 31 #SUP: 221225
8 12 17 18 24 31 #SUP: 221210
8 17 18 24 31 #SUP: 221310
8 12 24 31 #SUP: 221633
8 12 17 24 31 #SUP: 221618
8 17 24 31 #SUP: 221953
8 16 24 #SUP: 231143
8 16 18 24 #SUP: 230602
8 12 16 18 24 #SUP: 230490
8 12 16 17 18 24 #SUP: 230470
8 16 17 18 24 #SUP: 230582
8 12 16 24 #SUP: 230965
8 12 16 17 24 #SUP: 230945
8 16 17 24 #SUP: 231123
8 18 24 #SUP: 235747
8 12 18 24 #SUP: 235624
8 12 17 18 24 #SUP: 235604
8 17 18 24 #SUP: 235727
8 12 24 #SUP: 236101
8 12 17 24 #SUP: 236081
8 17 24 #SUP: 236482
8 43 #SUP: 206345
8 18 43 #SUP: 205707
8 12 18 43 #SUP: 205598
8 12 17 18 43 #SUP: 205579
8 17 18 43 #SUP: 205688
8 12 43 #SUP: 205999
8 12 17 43 #SUP: 205980
8 17 43 #SUP: 206326
8 29 #SUP: 211783
8 16 29 #SUP: 206679
8 16 18 29 #SUP: 206162
8 12 16 18 29 #SUP: 206064
8 12 16 17 18 29 #SUP: 206044
8 16 17 18 29 #SUP: 206142
8 12 16 29 #SUP: 206522
8 12 16 17 29 #SUP: 206502
8 16 17 29 #SUP: 206659
8 18 29 #SUP: 211078
8 12 18 29 #SUP: 210970
8 12 17 18 29 #SUP: 210950
8 17 18 29 #SUP: 211058
8 12 29 #SUP: 211430
8 12 17 29 #SUP: 211410
8 17 29 #SUP: 211763
8 21 #SUP: 209395
8 16 21 #SUP: 204466
8 12 16 21 #SUP: 204310
8 12 16 17 21 #SUP: 204291
8 16 17 21 #SUP: 204447
8 18 21 #SUP: 208719
8 12 18 21 #SUP: 208606
8 12 17 18 21 #SUP: 208587
8 17 18 21 #SUP: 208700
8 12 21 #SUP: 209046
8 12 17 21 #SUP: 209027
8 17 21 #SUP: 209376
8 31 #SUP: 224236
8 16 31 #SUP: 220115
8 16 18 31 #SUP: 219657
8 12 16 18 31 #SUP: 219563
8 12 16 17 18 31 #SUP: 219548
8 16 17 18 31 #SUP: 219642
8 12 16 31 #SUP: 219975
8 12 16 17 31 #SUP: 219960
8 16 17 31 #SUP: 220100
8 18 31 #SUP: 223586
8 12 18 31 #SUP: 223486
8 12 17 18 31 #SUP: 223471
8 17 18 31 #SUP: 223571
8 12 31 #SUP: 223899
8 12 17 31 #SUP: 223884
8 17 31 #SUP: 224221
8 16 #SUP: 233600
8 16 18 #SUP: 233049
8 12 16 18 #SUP: 232937
8 12 16 17 18 #SUP: 232917
8 16 17 18 #SUP: 233029
8 12 16 #SUP: 233420
8 12 16 17 #SUP: 233400
8 16 17 #SUP: 233580
8 18 #SUP: 238295
8 12 18 #SUP: 238172
8 12 17 18 #SUP: 238152
8 17 18 #SUP: 238275
8 12 #SUP: 238657
8 12 17 #SUP: 238637
8 17 #SUP: 239041
59 #SUP: 246294
41 59 #SUP: 216707
31 41 59 #SUP: 211830
16 31 41 59 #SUP: 208529
16 18 31 41 59 #SUP: 208126
12 16 18 31 41 59 #SUP: 208090
12 16 17 18 31 41 59 #SUP: 208071
16 17 18 31 41 59 #SUP: 208107
12 16 31 41 59 #SUP: 208492
12 16 17 31 41 59 #SUP: 208473
16 17 31 41 59 #SUP: 208510
18 31 41 59 #SUP: 211422
12 18 31 41 59 #SUP: 211383
12 17 18 31 41 59 #SUP: 211364
17 18 31 41 59 #SUP: 211403
12 31 41 59 #SUP: 211787
12 17 31 41 59 #SUP: 211768
17 31 41 59 #SUP: 211811
16 41 59 #SUP: 213163
16 18 41 59 #SUP: 212737
12 16 18 41 59 #SUP: 212700
12 16 17 18 41 59 #SUP: 212679
16 17 18 41 59 #SUP: 212716
12 16 41 59 #SUP: 213125
12 16 17 41 59 #SUP: 213104
16 17 41 59 #SUP: 213142
18 41 59 #SUP: 216276
12 18 41 59 #SUP: 216236
12 17 18 41 59 #SUP: 216215
17 18 41 59 #SUP: 216255
12 41 59 #SUP: 216663
12 17 41 59 #SUP: 216642
17 41 59 #SUP: 216686
27 59 #SUP: 211596
27 31 59 #SUP: 206677
18 27 31 59 #SUP: 206336
12 18 27 31 59 #SUP: 206291
12 17 18 27 31 59 #SUP: 206275
17 18 27 31 59 #SUP: 206320
12 27 31 59 #SUP: 206625
12 17 27 31 59 #SUP: 206609
17 27 31 59 #SUP: 206661
16 27 59 #SUP: 208569
16 18 27 59 #SUP: 208209
12 16 18 27 59 #SUP: 208167
12 16 17 18 27 59 #SUP: 208149
16 17 18 27 59 #SUP: 208191
12 16 27 59 #SUP: 208526
12 16 17 27 59 #SUP: 208508
16 17 27 59 #SUP: 208551
18 27 59 #SUP: 211229
12 18 27 59 #SUP: 211183
12 17 18 27 59 #SUP: 211165
17 18 27 59 #SUP: 211211
12 27 59 #SUP: 211543
12 17 27 59 #SUP: 211525
17 27 59 #SUP: 211578
43 59 #SUP: 219408
31 43 59 #SUP: 214038
16 31 43 59 #SUP: 210952
16 18 31 43 59 #SUP: 210576
12 16 18 31 43 59 #SUP: 210529
12 16 17 18 31 43 59 #SUP: 210510
16 17 18 31 43 59 #SUP: 210557
12 16 31 43 59 #SUP: 210904
12 16 17 31 43 59 #SUP: 210885
16 17 31 43 59 #SUP: 210933
18 31 43 59 #SUP: 213657
12 18 31 43 59 #SUP: 213605
12 17 18 31 43 59 #SUP: 213586
17 18 31 43 59 #SUP: 213638
12 31 43 59 #SUP: 213982
12 17 31 43 59 #SUP: 213963
17 31 43 59 #SUP: 214019
16 43 59 #SUP: 216068
16 18 43 59 #SUP: 215669
12 16 18 43 59 #SUP: 215621
12 16 17 18 43 59 #SUP: 215600
16 17 18 43 59 #SUP: 215648
12 16 43 59 #SUP: 216019
12 16 17 43 59 #SUP: 215998
16 17 43 59 #SUP: 216047
18 43 59 #SUP: 219004
12 18 43 59 #SUP: 218951
12 17 18 43 59 #SUP: 218930
17 18 43 59 #SUP: 218983
12 43 59 #SUP: 219351
12 17 43 59 #SUP: 219330
17 43 59 #SUP: 219387
29 59 #SUP: 219779
29 31 59 #SUP: 214594
16 29 31 59 #SUP: 211064
16 18 29 31 59 #SUP: 210652
12 16 18 29 31 59 #SUP: 210604
12 16 17 18 29 31 59 #SUP: 210585
16 17 18 29 31 59 #SUP: 210633
12 16 29 31 59 #SUP: 211015
12 16 17 29 31 59 #SUP: 210996
16 17 29 31 59 #SUP: 211045
18 29 31 59 #SUP: 214175
12 18 29 31 59 #SUP: 214120
12 17 18 29 31 59 #SUP: 214101
17 18 29 31 59 #SUP: 214156
12 29 31 59 #SUP: 214533
12 17 29 31 59 #SUP: 214514
17 29 31 59 #SUP: 214575
16 29 59 #SUP: 215958
16 18 29 59 #SUP: 215518
12 16 18 29 59 #SUP: 215469
12 16 17 18 29 59 #SUP: 215448
16 17 18 29 59 #SUP: 215497
12 16 29 59 #SUP: 215908
12 16 17 29 59 #SUP: 215887
16 17 29 59 #SUP: 215937
18 29 59 #SUP: 219332
12 18 29 59 #SUP: 219276
12 17 18 29 59 #SUP: 219255
17 18 29 59 #SUP: 219311
12 29 59 #SUP: 219717
12 17 29 59 #SUP: 219696
17 29 59 #SUP: 219758
21 59 #SUP: 222618
21 31 59 #SUP: 217973
16 21 31 59 #SUP: 214528
16 18 21 31 59 #SUP: 214124
12 16 18 21 31 59 #SUP: 214075
12 16 17 18 21 31 59 #SUP: 214056
16 17 18 21 31 59 #SUP: 214105
12 16 21 31 59 #SUP: 214478
12 16 17 21 31 59 #SUP: 214459
16 17 21 31 59 #SUP: 214509
18 21 31 59 #SUP: 217561
12 18 21 31 59 #SUP: 217505
12 17 18 21 31 59 #SUP: 217486
17 18 21 31 59 #SUP: 217542
12 21 31 59 #SUP: 217910
12 17 21 31 59 #SUP: 217891
17 21 31 59 #SUP: 217954
16 21 59 #SUP: 218899
16 18 21 59 #SUP: 218469
12 16 18 21 59 #SUP: 218419
12 16 17 18 21 59 #SUP: 218398
16 17 18 21 59 #SUP: 218448
12 16 21 59 #SUP: 218848
12 16 17 21 59 #SUP: 218827
16 17 21 59 #SUP: 218878
18 21 59 #SUP: 222180
12 18 21 59 #SUP: 222123
12 17 18 21 59 #SUP: 222102
17 18 21 59 #SUP: 222159
12 21 59 #SUP: 222554
12 17 21 59 #SUP: 222533
17 21 59 #SUP: 222597
31 59 #SUP: 240296
16 31 59 #SUP: 236642
16 18 31 59 #SUP: 236209
12 16 18 31 59 #SUP: 236158
12 16 17 18 31 59 #SUP: 236139
16 17 18 31 59 #SUP: 236190
12 16 31 59 #SUP: 236590
12 16 17 31 59 #SUP: 236571
16 17 31 59 #SUP: 236623
18 31 59 #SUP: 239855
12 18 31 59 #SUP: 239797
12 17 18 31 59 #SUP: 239778
17 18 31 59 #SUP: 239836
12 31 59 #SUP: 240231
12 17 31 59 #SUP: 240212
17 31 59 #SUP: 240277
16 59 #SUP: 242341
16 18 59 #SUP: 241880
12 16 18 59 #SUP: 241828
12 16 17 18 59 #SUP: 241807
16 17 18 59 #SUP: 241859
12 16 59 #SUP: 242288
12 16 17 59 #SUP: 242267
16 17 59 #SUP: 242320
18 59 #SUP: 245825
12 18 59 #SUP: 245766
12 17 18 59 #SUP: 245745
17 18 59 #SUP: 245804
12 59 #SUP: 246228
12 17 59 #SUP: 246207
17 59 #SUP: 246273
25 #SUP: 258434
25 28 #SUP: 212839
16 25 28 #SUP: 207502
16 18 25 28 #SUP: 206919
12 16 18 25 28 #SUP: 206840
12 16 17 18 25 28 #SUP: 206817
16 17 18 25 28 #SUP: 206896
12 16 25 28 #SUP: 207355
12 16 17 25 28 #SUP: 207332
16 17 25 28 #SUP: 207479
18 25 28 #SUP: 212030
12 18 25 28 #SUP: 211941
12 17 18 25 28 #SUP: 211918
17 18 25 28 #SUP: 212007
12 25 28 #SUP: 212456
12 17 25 28 #SUP: 212433
17 25 28 #SUP: 212816
15 25 #SUP: 209368
15 16 25 #SUP: 204238
15 16 17 25 #SUP: 204212
15 18 25 #SUP: 208463
12 15 18 25 #SUP: 208367
12 15 17 18 25 #SUP: 208341
15 17 18 25 #SUP: 208437
12 15 25 #SUP: 208864
12 15 17 25 #SUP: 208838
15 17 25 #SUP: 209342
24 25 #SUP: 211052
16 24 25 #SUP: 206543
16 18 24 25 #SUP: 206035
12 16 18 24 25 #SUP: 205928
12 16 17 18 24 25 #SUP: 205911
16 17 18 24 25 #SUP: 206018
12 16 24 25 #SUP: 206367
12 16 17 24 25 #SUP: 206350
16 17 24 25 #SUP: 206526
18 24 25 #SUP: 210299
12 18 24 25 #SUP: 210183
12 17 18 24 25 #SUP: 210166
17 18 24 25 #SUP: 210282
12 24 25 #SUP: 210622
12 17 24 25 #SUP: 210605
17 24 25 #SUP: 211035
25 27 #SUP: 208081
18 25 27 #SUP: 207371
12 18 25 27 #SUP: 207266
12 17 18 25 27 #SUP: 207244
17 18 25 27 #SUP: 207349
12 25 27 #SUP: 207649
12 17 25 27 #SUP: 207627
17 25 27 #SUP: 208059
25 43 #SUP: 224947
25 31 43 #SUP: 210002
16 25 31 43 #SUP: 206568
16 18 25 31 43 #SUP: 206137
12 16 18 25 31 43 #SUP: 206043
12 16 17 18 25 31 43 #SUP: 206023
16 17 18 25 31 43 #SUP: 206117
12 16 25 31 43 #SUP: 206422
12 16 17 25 31 43 #SUP: 206402
16 17 25 31 43 #SUP: 206548
18 25 31 43 #SUP: 209338
12 18 25 31 43 #SUP: 209237
12 17 18 25 31 43 #SUP: 209217
17 18 25 31 43 #SUP: 209318
12 25 31 43 #SUP: 209616
12 17 25 31 43 #SUP: 209596
17 25 31 43 #SUP: 209982
16 25 43 #SUP: 220450
16 18 25 43 #SUP: 219939
12 16 18 25 43 #SUP: 219824
12 16 17 18 25 43 #SUP: 219800
16 17 18 25 43 #SUP: 219915
12 16 25 43 #SUP: 220259
12 16 17 25 43 #SUP: 220235
16 17 25 43 #SUP: 220426
18 25 43 #SUP: 224167
12 18 25 43 #SUP: 224042
12 17 18 25 43 #SUP: 224018
17 18 25 43 #SUP: 224143
12 25 43 #SUP: 224477
12 17 25 43 #SUP: 224453
17 25 43 #SUP: 224923
25 29 #SUP: 224211
25 29 31 #SUP: 208504
16 25 29 31 #SUP: 204641
16 18 25 29 31 #SUP: 204158
16 17 18 25 29 31 #SUP: 204137
12 16 25 29 31 #SUP: 204491
12 16 17 25 29 31 #SUP: 204470
16 17 25 29 31 #SUP: 204620
18 25 29 31 #SUP: 207786
12 18 25 29 31 #SUP: 207682
12 17 18 25 29 31 #SUP: 207661
17 18 25 29 31 #SUP: 207765
12 25 29 31 #SUP: 208110
12 17 25 29 31 #SUP: 208089
17 25 29 31 #SUP: 208483
16 25 29 #SUP: 219120
16 18 25 29 #SUP: 218548
12 16 18 25 29 #SUP: 218432
12 16 17 18 25 29 #SUP: 218406
16 17 18 25 29 #SUP: 218522
12 16 25 29 #SUP: 218925
12 16 17 25 29 #SUP: 218899
16 17 25 29 #SUP: 219094
18 25 29 #SUP: 223363
12 18 25 29 #SUP: 223236
12 17 18 25 29 #SUP: 223210
17 18 25 29 #SUP: 223337
12 25 29 #SUP: 223729
12 17 25 29 #SUP: 223703
17 25 29 #SUP: 224185
21 25 #SUP: 224117
21 25 31 #SUP: 209643
16 21 25 31 #SUP: 205870
16 18 21 25 31 #SUP: 205407
12 16 18 21 25 31 #SUP: 205309
12 16 17 18 21 25 31 #SUP: 205289
16 17 18 21 25 31 #SUP: 205387
12 16 21 25 31 #SUP: 205717
12 16 17 21 25 31 #SUP: 205697
16 17 21 25 31 #SUP: 205850
18 21 25 31 #SUP: 208942
12 18 21 25 31 #SUP: 208835
12 17 18 21 25 31 #SUP: 208815
17 18 21 25 31 #SUP: 208922
12 21 25 31 #SUP: 209243
12 17 21 25 31 #SUP: 209223
17 21 25 31 #SUP: 209623
16 21 25 #SUP: 219173
16 18 21 25 #SUP: 218631
12 16 18 21 25 #SUP: 218511
12 16 17 18 21 25 #SUP: 218486
16 17 18 21 25 #SUP: 218606
12 16 21 25 #SUP: 218982
12 16 17 21 25 #SUP: 218957
16 17 21 25 #SUP: 219148
18 21 25 #SUP: 223300
12 18 21 25 #SUP: 223169
12 17 18 21 25 #SUP: 223144
17 18 21 25 #SUP: 223275
12 21 25 #SUP: 223640
12 17 21 25 #SUP: 223615
17 21 25 #SUP: 224092
25 31 #SUP: 240490
16 25 31 #SUP: 236378
16 18 25 31 #SUP: 235862
12 16 18 25 31 #SUP: 235753
12 16 17 18 25 31 #SUP: 235732
16 17 18 25 31 #SUP: 235841
12 16 25 31 #SUP: 236206
12 16 17 25 31 #SUP: 236185
16 17 25 31 #SUP: 236357
18 25 31 #SUP: 239702
12 18 25 31 #SUP: 239584
12 17 18 25 31 #SUP: 239563
17 18 25 31 #SUP: 239681
12 25 31 #SUP: 240037
12 17 25 31 #SUP: 240016
17 25 31 #SUP: 240469
16 25 #SUP: 252960
16 18 25 #SUP: 252345
12 16 18 25 #SUP: 252213
12 16 17 18 25 #SUP: 252187
16 17 18 25 #SUP: 252319
12 16 25 #SUP: 252737
12 16 17 25 #SUP: 252711
16 17 25 #SUP: 252934
18 25 #SUP: 257502
12 18 25 #SUP: 257358
12 17 18 25 #SUP: 257332
17 18 25 #SUP: 257476
12 25 #SUP: 257882
12 17 25 #SUP: 257856
17 25 #SUP: 258408
41 #SUP: 264597
28 41 #SUP: 215060
28 31 41 #SUP: 208126
18 28 31 41 #SUP: 207483
12 18 28 31 41 #SUP: 207429
12 17 18 28 31 41 #SUP: 207409
17 18 28 31 41 #SUP: 207463
12 28 31 41 #SUP: 207885
12 17 28 31 41 #SUP: 207865
17 28 31 41 #SUP: 208106
16 28 41 #SUP: 210254
16 18 28 41 #SUP: 209718
12 16 18 28 41 #SUP: 209664
12 16 17 18 28 41 #SUP: 209641
16 17 18 28 41 #SUP: 209695
12 16 28 41 #SUP: 210163
12 16 17 28 41 #SUP: 210140
16 17 28 41 #SUP: 210231
18 28 41 #SUP: 214362
12 18 28 41 #SUP: 214304
12 17 18 28 41 #SUP: 214281
17 18 28 41 #SUP: 214339
12 28 41 #SUP: 214807
12 17 28 41 #SUP: 214784
17 28 41 #SUP: 215037
15 41 #SUP: 215555
15 31 41 #SUP: 208853
15 16 31 41 #SUP: 205577
15 16 18 31 41 #SUP: 205121
12 15 16 18 31 41 #SUP: 205073
12 15 16 17 18 31 41 #SUP: 205052
15 16 17 18 31 41 #SUP: 205100
12 15 16 31 41 #SUP: 205483
12 15 16 17 31 41 #SUP: 205462
15 16 17 31 41 #SUP: 205556
15 18 31 41 #SUP: 208181
12 15 18 31 41 #SUP: 208130
12 15 17 18 31 41 #SUP: 208109
15 17 18 31 41 #SUP: 208160
12 15 31 41 #SUP: 208542
12 15 17 31 41 #SUP: 208521
15 17 31 41 #SUP: 208832
15 16 41 #SUP: 211801
15 16 18 41 #SUP: 211308
12 15 16 18 41 #SUP: 211258
12 15 16 17 18 41 #SUP: 211234
15 16 17 18 41 #SUP: 211284
12 15 16 41 #SUP: 211700
12 15 16 17 41 #SUP: 211676
15 16 17 41 #SUP: 211777
15 18 41 #SUP: 214837
12 15 18 41 #SUP: 214783
12 15 17 18 41 #SUP: 214759
15 17 18 41 #SUP: 214813
12 15 41 #SUP: 215228
12 15 17 41 #SUP: 215204
15 17 41 #SUP: 215531
24 41 #SUP: 214152
24 31 41 #SUP: 207384
18 24 31 41 #SUP: 206772
12 18 24 31 41 #SUP: 206711
12 17 18 24 31 41 #SUP: 206696
17 18 24 31 41 #SUP: 206757
12 24 31 41 #SUP: 207108
12 17 24 31 41 #SUP: 207093
17 24 31 41 #SUP: 207369
16 24 41 #SUP: 209959
16 18 24 41 #SUP: 209490
12 16 18 24 41 #SUP: 209428
12 16 17 18 24 41 #SUP: 209410
16 17 18 24 41 #SUP: 209472
12 16 24 41 #SUP: 209856
12 16 17 24 41 #SUP: 209838
16 17 24 41 #SUP: 209941
18 24 41 #SUP: 213498
12 18 24 41 #SUP: 213431
12 17 18 24 41 #SUP: 213413
17 18 24 41 #SUP: 213480
12 24 41 #SUP: 213863
12 17 24 41 #SUP: 213845
17 24 41 #SUP: 214134
27 41 #SUP: 223549
21 27 41 #SUP: 214774
21 27 31 41 #SUP: 208561
16 21 27 31 41 #SUP: 205209
16 18 21 27 31 41 #SUP: 204821
12 16 18 21 27 31 41 #SUP: 204771
12 16 17 18 21 27 31 41 #SUP: 204752
16 17 18 21 27 31 41 #SUP: 204802
12 16 21 27 31 41 #SUP: 205127
12 16 17 21 27 31 41 #SUP: 205108
16 17 21 27 31 41 #SUP: 205190
18 21 27 31 41 #SUP: 207993
12 18 21 27 31 41 #SUP: 207939
12 17 18 21 27 31 41 #SUP: 207920
17 18 21 27 31 41 #SUP: 207974
12 21 27 31 41 #SUP: 208298
12 17 21 27 31 41 #SUP: 208279
17 21 27 31 41 #SUP: 208542
16 21 27 41 #SUP: 210924
16 18 21 27 41 #SUP: 210499
12 16 18 21 27 41 #SUP: 210445
12 16 17 18 21 27 41 #SUP: 210423
16 17 18 21 27 41 #SUP: 210477
12 16 21 27 41 #SUP: 210837
12 16 17 21 27 41 #SUP: 210815
16 17 21 27 41 #SUP: 210902
18 21 27 41 #SUP: 214164
12 18 21 27 41 #SUP: 214106
12 17 18 21 27 41 #SUP: 214084
17 18 21 27 41 #SUP: 214142
12 21 27 41 #SUP: 214502
12 17 21 27 41 #SUP: 214480
17 21 27 41 #SUP: 214752
27 31 41 #SUP: 216648
16 27 31 41 #SUP: 213200
16 18 27 31 41 #SUP: 212801
12 16 18 27 31 41 #SUP: 212749
12 16 17 18 27 31 41 #SUP: 212730
16 17 18 27 31 41 #SUP: 212782
12 16 27 31 41 #SUP: 213116
12 16 17 27 31 41 #SUP: 213097
16 17 27 31 41 #SUP: 213181
18 27 31 41 #SUP: 216062
12 18 27 31 41 #SUP: 216006
12 17 18 27 31 41 #SUP: 215987
17 18 27 31 41 #SUP: 216043
12 27 31 41 #SUP: 216376
12 17 27 31 41 #SUP: 216357
17 27 31 41 #SUP: 216629
16 27 41 #SUP: 219573
16 18 27 41 #SUP: 219135
12 16 18 27 41 #SUP: 219079
12 16 17 18 27 41 #SUP: 219057
16 17 18 27 41 #SUP: 219113
12 16 27 41 #SUP: 219484
12 16 17 27 41 #SUP: 219462
16 17 27 41 #SUP: 219551
18 27 41 #SUP: 222918
12 18 27 41 #SUP: 222857
12 17 18 27 41 #SUP: 222835
17 18 27 41 #SUP: 222896
12 27 41 #SUP: 223266
12 17 27 41 #SUP: 223244
17 27 41 #SUP: 223527
41 43 #SUP: 229618
21 41 43 #SUP: 204278
17 21 41 43 #SUP: 204254
31 41 43 #SUP: 221809
16 31 41 43 #SUP: 218188
16 18 31 41 43 #SUP: 217741
12 16 18 31 41 43 #SUP: 217678
12 16 17 18 31 41 43 #SUP: 217657
16 17 18 31 41 43 #SUP: 217720
12 16 31 41 43 #SUP: 218088
12 16 17 31 41 43 #SUP: 218067
16 17 31 41 43 #SUP: 218167
18 31 41 43 #SUP: 221173
12 18 31 41 43 #SUP: 221107
12 17 18 31 41 43 #SUP: 221086
17 18 31 41 43 #SUP: 221152
12 31 41 43 #SUP: 221520
12 17 31 41 43 #SUP: 221499
17 31 41 43 #SUP: 221788
16 41 43 #SUP: 225458
16 18 41 43 #SUP: 224968
12 16 18 41 43 #SUP: 224901
12 16 17 18 41 43 #SUP: 224877
16 17 18 41 43 #SUP: 224944
12 16 41 43 #SUP: 225349
12 16 17 41 43 #SUP: 225325
16 17 41 43 #SUP: 225434
18 41 43 #SUP: 228933
12 18 41 43 #SUP: 228862
12 17 18 41 43 #SUP: 228838
17 18 41 43 #SUP: 228909
12 41 43 #SUP: 229313
12 17 41 43 #SUP: 229289
17 41 43 #SUP: 229594
29 41 #SUP: 235808
21 29 41 #SUP: 212694
21 29 31 41 #SUP: 206458
18 21 29 31 41 #SUP: 205827
12 18 21 29 31 41 #SUP: 205760
12 17 18 21 29 31 41 #SUP: 205738
17 18 21 29 31 41 #SUP: 205805
12 21 29 31 41 #SUP: 206184
12 17 21 29 31 41 #SUP: 206162
17 21 29 31 41 #SUP: 206436
16 21 29 41 #SUP: 208203
16 18 21 29 41 #SUP: 207709
12 16 18 21 29 41 #SUP: 207642
12 16 17 18 21 29 41 #SUP: 207617
16 17 18 21 29 41 #SUP: 207684
12 16 21 29 41 #SUP: 208098
12 16 17 21 29 41 #SUP: 208073
16 17 21 29 41 #SUP: 208178
18 21 29 41 #SUP: 212021
12 18 21 29 41 #SUP: 211949
12 17 18 21 29 41 #SUP: 211924
17 18 21 29 41 #SUP: 211996
12 21 29 41 #SUP: 212410
12 17 21 29 41 #SUP: 212385
17 21 29 41 #SUP: 212669
29 31 41 #SUP: 227793
16 29 31 41 #SUP: 223571
16 18 29 31 41 #SUP: 223078
12 16 18 29 31 41 #SUP: 223013
12 16 17 18 29 31 41 #SUP: 222991
16 17 18 29 31 41 #SUP: 223056
12 16 29 31 41 #SUP: 223465
12 16 17 29 31 41 #SUP: 223443
16 17 29 31 41 #SUP: 223549
18 29 31 41 #SUP: 227107
12 18 29 31 41 #SUP: 227037
12 17 18 29 31 41 #SUP: 227015
17 18 29 31 41 #SUP: 227085
12 29 31 41 #SUP: 227493
12 17 29 31 41 #SUP: 227471
17 29 31 41 #SUP: 227771
16 29 41 #SUP: 230970
16 18 29 41 #SUP: 230431
12 16 18 29 41 #SUP: 230361
12 16 17 18 29 41 #SUP: 230336
16 17 18 29 41 #SUP: 230406
12 16 29 41 #SUP: 230854
12 16 17 29 41 #SUP: 230829
16 17 29 41 #SUP: 230945
18 29 41 #SUP: 235067
12 18 29 41 #SUP: 234992
12 17 18 29 41 #SUP: 234967
17 18 29 41 #SUP: 235042
12 29 41 #SUP: 235490
12 17 29 41 #SUP: 235465
17 29 41 #SUP: 235783
21 41 #SUP: 236070
21 31 41 #SUP: 229073
16 21 31 41 #SUP: 224944
16 18 21 31 41 #SUP: 224463
12 16 18 21 31 41 #SUP: 224393
12 16 17 18 21 31 41 #SUP: 224371
16 17 18 21 31 41 #SUP: 224441
12 16 21 31 41 #SUP: 224834
12 16 17 21 31 41 #SUP: 224812
16 17 21 31 41 #SUP: 224922
18 21 31 41 #SUP: 228399
12 18 21 31 41 #SUP: 228324
12 17 18 21 31 41 #SUP: 228302
17 18 21 31 41 #SUP: 228377
12 21 31 41 #SUP: 228769
12 17 21 31 41 #SUP: 228747
17 21 31 41 #SUP: 229051
16 21 41 #SUP: 231369
16 18 21 41 #SUP: 230846
12 16 18 21 41 #SUP: 230771
12 16 17 18 21 41 #SUP: 230746
16 17 18 21 41 #SUP: 230821
12 16 21 41 #SUP: 231253
12 16 17 21 41 #SUP: 231228
16 17 21 41 #SUP: 231344
18 21 41 #SUP: 235349
12 18 21 41 #SUP: 235269
12 17 18 21 41 #SUP: 235244
17 18 21 41 #SUP: 235324
12 21 41 #SUP: 235756
12 17 21 41 #SUP: 235731
17 21 41 #SUP: 236045
31 41 #SUP: 255404
16 31 41 #SUP: 250992
16 18 31 41 #SUP: 250469
12 16 18 31 41 #SUP: 250395
12 16 17 18 31 41 #SUP: 250373
16 17 18 31 41 #SUP: 250447
12 16 31 41 #SUP: 250872
12 16 17 31 41 #SUP: 250850
16 17 31 41 #SUP: 250970
18 31 41 #SUP: 254663
12 18 31 41 #SUP: 254584
12 17 18 31 41 #SUP: 254562
17 18 31 41 #SUP: 254641
12 31 41 #SUP: 255065
12 17 31 41 #SUP: 255043
17 31 41 #SUP: 255382
16 41 #SUP: 259507
16 18 41 #SUP: 258933
12 16 18 41 #SUP: 258854
12 16 17 18 41 #SUP: 258829
16 17 18 41 #SUP: 258908
12 16 41 #SUP: 259377
12 16 17 41 #SUP: 259352
16 17 41 #SUP: 259482
18 41 #SUP: 263796
12 18 41 #SUP: 263711
12 17 18 41 #SUP: 263686
17 18 41 #SUP: 263771
12 41 #SUP: 264239
12 17 41 #SUP: 264214
17 41 #SUP: 264572
28 #SUP: 270565
15 28 #SUP: 217673
15 28 31 #SUP: 208117
15 18 28 31 #SUP: 207407
12 15 18 28 31 #SUP: 207350
12 15 17 18 28 31 #SUP: 207328
15 17 18 28 31 #SUP: 207385
12 15 28 31 #SUP: 207820
12 15 17 28 31 #SUP: 207798
15 17 28 31 #SUP: 208095
15 16 28 #SUP: 212050
15 16 18 28 #SUP: 211443
12 15 16 18 28 #SUP: 211382
12 15 16 17 18 28 #SUP: 211355
15 16 17 18 28 #SUP: 211416
12 15 16 28 #SUP: 211921
12 15 16 17 28 #SUP: 211894
15 16 17 28 #SUP: 212023
15 18 28 #SUP: 216837
12 15 18 28 #SUP: 216770
12 15 17 18 28 #SUP: 216743
15 17 18 28 #SUP: 216810
12 15 28 #SUP: 217312
12 15 17 28 #SUP: 217285
15 17 28 #SUP: 217646
24 28 #SUP: 219189
24 28 31 #SUP: 208921
16 24 28 31 #SUP: 204447
12 16 24 28 31 #SUP: 204338
12 16 17 24 28 31 #SUP: 204322
16 17 24 28 31 #SUP: 204431
18 24 28 31 #SUP: 208268
12 18 24 28 31 #SUP: 208189
12 17 18 24 28 31 #SUP: 208173
17 18 24 28 31 #SUP: 208252
12 24 28 31 #SUP: 208646
12 17 24 28 31 #SUP: 208630
17 24 28 31 #SUP: 208905
16 24 28 #SUP: 213246
16 18 24 28 #SUP: 212659
12 16 18 24 28 #SUP: 212579
12 16 17 18 24 28 #SUP: 212558
16 17 18 24 28 #SUP: 212638
12 16 24 28 #SUP: 213112
12 16 17 24 28 #SUP: 213091
16 17 24 28 #SUP: 213225
18 24 28 #SUP: 218424
12 18 24 28 #SUP: 218335
12 17 18 24 28 #SUP: 218314
17 18 24 28 #SUP: 218403
12 24 28 #SUP: 218871
12 17 24 28 #SUP: 218850
17 24 28 #SUP: 219168
27 28 #SUP: 222446
21 27 28 #SUP: 212080
16 21 27 28 #SUP: 206671
16 18 21 27 28 #SUP: 206153
12 16 18 21 27 28 #SUP: 206090
12 16 17 18 21 27 28 #SUP: 206066
16 17 18 21 27 28 #SUP: 206129
12 16 21 27 28 #SUP: 206564
12 16 17 21 27 28 #SUP: 206540
16 17 21 27 28 #SUP: 206647
18 21 27 28 #SUP: 211384
12 18 21 27 28 #SUP: 211315
12 17 18 21 27 28 #SUP: 211291
17 18 21 27 28 #SUP: 211360
12 21 27 28 #SUP: 211792
12 17 21 27 28 #SUP: 211768
17 21 27 28 #SUP: 212056
27 28 31 #SUP: 211885
16 27 28 31 #SUP: 207705
16 18 27 28 31 #SUP: 207264
12 16 18 27 28 31 #SUP: 207204
12 16 17 18 27 28 31 #SUP: 207185
16 17 18 27 28 31 #SUP: 207245
12 16 27 28 31 #SUP: 207613
12 16 17 27 28 31 #SUP: 207594
16 17 27 28 31 #SUP: 207686
18 27 28 31 #SUP: 211285
12 18 27 28 31 #SUP: 211221
12 17 18 27 28 31 #SUP: 211202
17 18 27 28 31 #SUP: 211266
12 27 28 31 #SUP: 211632
12 17 27 28 31 #SUP: 211613
17 27 28 31 #SUP: 211866
16 27 28 #SUP: 216802
16 18 27 28 #SUP: 216268
12 16 18 27 28 #SUP: 216201
12 16 17 18 27 28 #SUP: 216177
16 17 18 27 28 #SUP: 216244
12 16 27 28 #SUP: 216690
12 16 17 27 28 #SUP: 216666
16 17 27 28 #SUP: 216778
18 27 28 #SUP: 221725
12 18 27 28 #SUP: 221651
12 17 18 27 28 #SUP: 221627
17 18 27 28 #SUP: 221701
12 27 28 #SUP: 222143
12 17 27 28 #SUP: 222119
17 27 28 #SUP: 222422
28 43 #SUP: 232622
28 31 43 #SUP: 221118
16 28 31 43 #SUP: 216735
16 18 28 31 43 #SUP: 216245
12 16 18 28 31 43 #SUP: 216171
12 16 17 18 28 31 43 #SUP: 216149
16 17 18 28 31 43 #SUP: 216223
12 16 28 31 43 #SUP: 216622
12 16 17 28 31 43 #SUP: 216600
16 17 28 31 43 #SUP: 216713
18 28 31 43 #SUP: 220459
12 18 28 31 43 #SUP: 220380
12 17 18 28 31 43 #SUP: 220358
17 18 28 31 43 #SUP: 220437
12 28 31 43 #SUP: 220833
12 17 28 31 43 #SUP: 220811
17 28 31 43 #SUP: 221096
16 28 43 #SUP: 226808
16 18 28 43 #SUP: 226225
12 16 18 28 43 #SUP: 226143
12 16 17 18 28 43 #SUP: 226117
16 17 18 28 43 #SUP: 226199
12 16 28 43 #SUP: 226668
12 16 17 28 43 #SUP: 226642
16 17 28 43 #SUP: 226782
18 28 43 #SUP: 231845
12 18 28 43 #SUP: 231754
12 17 18 28 43 #SUP: 231728
17 18 28 43 #SUP: 231819
12 28 43 #SUP: 232281
12 17 28 43 #SUP: 232255
17 28 43 #SUP: 232596
28 29 #SUP: 235484
21 28 29 #SUP: 208167
18 21 28 29 #SUP: 207402
12 18 21 28 29 #SUP: 207313
12 17 18 21 28 29 #SUP: 207286
17 18 21 28 29 #SUP: 207375
12 21 28 29 #SUP: 207867
12 17 21 28 29 #SUP: 207840
17 21 28 29 #SUP: 208140
28 29 31 #SUP: 223642
16 28 29 31 #SUP: 218527
16 18 28 29 31 #SUP: 217979
12 16 18 28 29 31 #SUP: 217901
12 16 17 18 28 29 31 #SUP: 217878
16 17 18 28 29 31 #SUP: 217956
12 16 28 29 31 #SUP: 218411
12 16 17 28 29 31 #SUP: 218388
16 17 28 29 31 #SUP: 218504
18 28 29 31 #SUP: 222926
12 18 28 29 31 #SUP: 222841
12 17 18 28 29 31 #SUP: 222818
17 18 28 29 31 #SUP: 222903
12 28 29 31 #SUP: 223354
12 17 28 29 31 #SUP: 223331
17 28 29 31 #SUP: 223619
16 28 29 #SUP: 228696
16 18 28 29 #SUP: 228039
12 16 18 28 29 #SUP: 227952
12 16 17 18 28 29 #SUP: 227924
16 17 18 28 29 #SUP: 228011
12 16 28 29 #SUP: 228550
12 16 17 28 29 #SUP: 228522
16 17 28 29 #SUP: 228668
18 28 29 #SUP: 234630
12 18 28 29 #SUP: 234533
12 17 18 28 29 #SUP: 234505
17 18 28 29 #SUP: 234602
12 28 29 #SUP: 235135
12 17 28 29 #SUP: 235107
17 28 29 #SUP: 235456
21 28 #SUP: 236403
21 28 31 #SUP: 225482
16 21 28 31 #SUP: 220464
16 18 21 28 31 #SUP: 219928
12 16 18 21 28 31 #SUP: 219850
12 16 17 18 21 28 31 #SUP: 219828
16 17 18 21 28 31 #SUP: 219906
12 16 21 28 31 #SUP: 220347
12 16 17 21 28 31 #SUP: 220325
16 17 21 28 31 #SUP: 220442
18 21 28 31 #SUP: 224780
12 18 21 28 31 #SUP: 224695
12 17 18 21 28 31 #SUP: 224673
17 18 21 28 31 #SUP: 224758
12 21 28 31 #SUP: 225195
12 17 21 28 31 #SUP: 225173
17 21 28 31 #SUP: 225460
16 21 28 #SUP: 229761
16 18 21 28 #SUP: 229125
12 16 18 21 28 #SUP: 229039
12 16 17 18 21 28 #SUP: 229012
16 17 18 21 28 #SUP: 229098
12 16 21 28 #SUP: 229623
12 16 17 21 28 #SUP: 229596
16 17 21 28 #SUP: 229734
18 21 28 #SUP: 235574
12 18 21 28 #SUP: 235478
12 17 18 21 28 #SUP: 235451
17 18 21 28 #SUP: 235547
12 21 28 #SUP: 236066
12 17 21 28 #SUP: 236039
17 21 28 #SUP: 236376
28 31 #SUP: 256653
16 28 31 #SUP: 251224
16 18 28 31 #SUP: 250637
12 16 18 28 31 #SUP: 250550
12 16 17 18 28 31 #SUP: 250527
16 17 18 28 31 #SUP: 250614
12 16 28 31 #SUP: 251092
12 16 17 28 31 #SUP: 251069
16 17 28 31 #SUP: 251201
18 28 31 #SUP: 255868
12 18 28 31 #SUP: 255774
12 17 18 28 31 #SUP: 255751
17 18 28 31 #SUP: 255845
12 28 31 #SUP: 256319
12 17 28 31 #SUP: 256296
17 28 31 #SUP: 256630
16 28 #SUP: 263284
16 18 28 #SUP: 262578
12 16 18 28 #SUP: 262482
12 16 17 18 28 #SUP: 262454
16 17 18 28 #SUP: 262550
12 16 28 #SUP: 263120
12 16 17 28 #SUP: 263092
16 17 28 #SUP: 263256
18 28 #SUP: 269629
12 18 28 #SUP: 269522
12 17 18 28 #SUP: 269494
17 18 28 #SUP: 269601
12 28 #SUP: 270164
12 17 28 #SUP: 270136
17 28 #SUP: 270537
15 #SUP: 272918
15 24 #SUP: 219031
15 24 31 #SUP: 207320
15 18 24 31 #SUP: 206647
12 15 18 24 31 #SUP: 206580
12 15 17 18 24 31 #SUP: 206564
15 17 18 24 31 #SUP: 206631
12 15 24 31 #SUP: 206986
12 15 17 24 31 #SUP: 206970
15 17 24 31 #SUP: 207304
15 16 24 #SUP: 214195
15 16 18 24 #SUP: 213660
12 15 16 18 24 #SUP: 213580
12 15 16 17 18 24 #SUP: 213558
15 16 17 18 24 #SUP: 213638
12 15 16 24 #SUP: 214046
12 15 16 17 24 #SUP: 214024
15 16 17 24 #SUP: 214173
15 18 24 #SUP: 218249
12 15 18 24 #SUP: 218163
12 15 17 18 24 #SUP: 218141
15 17 18 24 #SUP: 218227
12 15 24 #SUP: 218631
12 15 17 24 #SUP: 218609
15 17 24 #SUP: 219009
15 27 #SUP: 230562
15 21 27 #SUP: 220906
15 21 27 31 #SUP: 209607
15 16 21 27 31 #SUP: 206490
15 16 18 21 27 31 #SUP: 206096
12 15 16 18 21 27 31 #SUP: 206040
12 15 16 17 18 21 27 31 #SUP: 206019
15 16 17 18 21 27 31 #SUP: 206075
12 15 16 21 27 31 #SUP: 206388
12 15 16 17 21 27 31 #SUP: 206367
15 16 17 21 27 31 #SUP: 206469
15 18 21 27 31 #SUP: 208991
12 15 18 21 27 31 #SUP: 208933
12 15 17 18 21 27 31 #SUP: 208912
15 17 18 21 27 31 #SUP: 208970
12 15 21 27 31 #SUP: 209282
12 15 17 21 27 31 #SUP: 209261
15 17 21 27 31 #SUP: 209586
15 16 21 27 #SUP: 216702
15 16 18 21 27 #SUP: 216238
12 15 16 18 21 27 #SUP: 216168
12 15 16 17 18 21 27 #SUP: 216141
15 16 17 18 21 27 #SUP: 216211
12 15 16 21 27 #SUP: 216572
12 15 16 17 21 27 #SUP: 216545
15 16 17 21 27 #SUP: 216675
15 18 21 27 #SUP: 220184
12 15 18 21 27 #SUP: 220110
12 15 17 18 21 27 #SUP: 220083
15 17 18 21 27 #SUP: 220157
12 15 21 27 #SUP: 220516
12 15 17 21 27 #SUP: 220489
15 17 21 27 #SUP: 220879
15 27 31 #SUP: 218282
15 16 27 31 #SUP: 215055
15 16 18 27 31 #SUP: 214649
12 15 16 18 27 31 #SUP: 214588
12 15 16 17 18 27 31 #SUP: 214567
15 16 17 18 27 31 #SUP: 214628
12 15 16 27 31 #SUP: 214948
12 15 16 17 27 31 #SUP: 214927
15 16 17 27 31 #SUP: 215034
15 18 27 31 #SUP: 217647
12 15 18 27 31 #SUP: 217584
12 15 17 18 27 31 #SUP: 217563
15 17 18 27 31 #SUP: 217626
12 15 27 31 #SUP: 217945
12 15 17 27 31 #SUP: 217924
15 17 27 31 #SUP: 218261
15 16 27 #SUP: 226172
15 16 18 27 #SUP: 225693
12 15 16 18 27 #SUP: 225618
12 15 16 17 18 27 #SUP: 225591
15 16 17 18 27 #SUP: 225666
12 15 16 27 #SUP: 226036
12 15 16 17 27 #SUP: 226009
15 16 17 27 #SUP: 226145
15 18 27 #SUP: 229815
12 15 18 27 #SUP: 229735
12 15 17 18 27 #SUP: 229708
15 17 18 27 #SUP: 229788
12 15 27 #SUP: 230155
12 15 17 27 #SUP: 230128
15 17 27 #SUP: 230535
15 43 #SUP: 233709
15 29 43 #SUP: 204598
12 15 29 43 #SUP: 204210
12 15 17 29 43 #SUP: 204181
15 17 29 43 #SUP: 204569
15 21 43 #SUP: 207536
15 18 21 43 #SUP: 206826
12 15 18 21 43 #SUP: 206734
12 15 17 18 21 43 #SUP: 206706
15 17 18 21 43 #SUP: 206798
12 15 21 43 #SUP: 207152
12 15 17 21 43 #SUP: 207124
15 17 21 43 #SUP: 207508
15 31 43 #SUP: 220869
15 16 31 43 #SUP: 217283
15 16 18 31 43 #SUP: 216825
12 15 16 18 31 43 #SUP: 216750
12 15 16 17 18 31 43 #SUP: 216726
15 16 17 18 31 43 #SUP: 216801
12 15 16 31 43 #SUP: 217156
12 15 16 17 31 43 #SUP: 217132
15 16 17 31 43 #SUP: 217259
15 18 31 43 #SUP: 220177
12 15 18 31 43 #SUP: 220100
12 15 17 18 31 43 #SUP: 220076
15 17 18 31 43 #SUP: 220153
12 15 31 43 #SUP: 220507
12 15 17 31 43 #SUP: 220483
15 17 31 43 #SUP: 220845
15 16 43 #SUP: 228955
15 16 18 43 #SUP: 228415
12 15 16 18 43 #SUP: 228321
12 15 16 17 18 43 #SUP: 228292
15 16 17 18 43 #SUP: 228386
12 15 16 43 #SUP: 228785
12 15 16 17 43 #SUP: 228756
15 16 17 43 #SUP: 228926
15 18 43 #SUP: 232899
12 15 18 43 #SUP: 232799
12 15 17 18 43 #SUP: 232770
15 17 18 43 #SUP: 232870
12 15 43 #SUP: 233264
12 15 17 43 #SUP: 233235
15 17 43 #SUP: 233680
15 29 #SUP: 239070
15 21 29 #SUP: 215250
15 16 21 29 #SUP: 210309
15 16 18 21 29 #SUP: 209772
12 15 16 18 21 29 #SUP: 209686
12 15 16 17 18 21 29 #SUP: 209656
15 16 17 18 21 29 #SUP: 209742
12 15 16 21 29 #SUP: 210160
12 15 16 17 21 29 #SUP: 210130
15 16 17 21 29 #SUP: 210279
15 18 21 29 #SUP: 214467
12 15 18 21 29 #SUP: 214375
12 15 17 18 21 29 #SUP: 214345
15 17 18 21 29 #SUP: 214437
12 15 21 29 #SUP: 214852
12 15 17 21 29 #SUP: 214822
15 17 21 29 #SUP: 215220
15 29 31 #SUP: 225551
15 16 29 31 #SUP: 221452
15 16 18 29 31 #SUP: 220940
12 15 16 18 29 31 #SUP: 220864
12 15 16 17 18 29 31 #SUP: 220839
15 16 17 18 29 31 #SUP: 220915
12 15 16 29 31 #SUP: 221321
12 15 16 17 29 31 #SUP: 221296
15 16 17 29 31 #SUP: 221427
15 18 29 31 #SUP: 224802
12 15 18 29 31 #SUP: 224723
12 15 17 18 29 31 #SUP: 224698
15 17 18 29 31 #SUP: 224777
12 15 29 31 #SUP: 225182
12 15 17 29 31 #SUP: 225157
15 17 29 31 #SUP: 225526
15 16 29 #SUP: 233619
15 16 18 29 #SUP: 233017
12 15 16 18 29 #SUP: 232924
12 15 16 17 18 29 #SUP: 232893
15 16 17 18 29 #SUP: 232986
12 15 16 29 #SUP: 233447
12 15 16 17 29 #SUP: 233416
15 16 17 29 #SUP: 233588
15 18 29 #SUP: 238189
12 15 18 29 #SUP: 238090
12 15 17 18 29 #SUP: 238059
15 17 18 29 #SUP: 238158
12 15 29 #SUP: 238616
12 15 17 29 #SUP: 238585
15 17 29 #SUP: 239039
15 21 #SUP: 243119
15 21 31 #SUP: 230314
15 16 21 31 #SUP: 226311
15 16 18 21 31 #SUP: 225815
12 15 16 18 21 31 #SUP: 225738
12 15 16 17 18 21 31 #SUP: 225714
15 16 17 18 21 31 #SUP: 225791
12 15 16 21 31 #SUP: 226179
12 15 16 17 21 31 #SUP: 226155
15 16 17 21 31 #SUP: 226287
15 18 21 31 #SUP: 229578
12 15 18 21 31 #SUP: 229498
12 15 17 18 21 31 #SUP: 229474
15 17 18 21 31 #SUP: 229554
12 15 21 31 #SUP: 229941
12 15 17 21 31 #SUP: 229917
15 17 21 31 #SUP: 230290
15 16 21 #SUP: 237810
15 16 18 21 #SUP: 237234
12 15 16 18 21 #SUP: 237139
12 15 16 17 18 21 #SUP: 237109
15 16 17 18 21 #SUP: 237204
12 15 16 21 #SUP: 237644
12 15 16 17 21 #SUP: 237614
15 16 17 21 #SUP: 237780
15 18 21 #SUP: 242265
12 15 18 21 #SUP: 242164
12 15 17 18 21 #SUP: 242134
15 17 18 21 #SUP: 242235
12 15 21 #SUP: 242672
12 15 17 21 #SUP: 242642
15 17 21 #SUP: 243089
15 31 #SUP: 257417
15 16 31 #SUP: 253049
15 16 18 31 #SUP: 252500
12 15 16 18 31 #SUP: 252415
12 15 16 17 18 31 #SUP: 252390
15 16 17 18 31 #SUP: 252475
12 15 16 31 #SUP: 252901
12 15 16 17 31 #SUP: 252876
15 16 17 31 #SUP: 253024
15 18 31 #SUP: 256594
12 15 18 31 #SUP: 256506
12 15 17 18 31 #SUP: 256481
15 17 18 31 #SUP: 256569
12 15 31 #SUP: 256994
12 15 17 31 #SUP: 256969
15 17 31 #SUP: 257392
15 16 #SUP: 267037
15 16 18 #SUP: 266387
12 15 16 18 #SUP: 266283
12 15 16 17 18 #SUP: 266252
15 16 17 18 #SUP: 266356
12 15 16 #SUP: 266842
12 15 16 17 #SUP: 266811
15 16 17 #SUP: 267006
15 18 #SUP: 271948
12 15 18 #SUP: 271837
12 15 17 18 #SUP: 271806
15 17 18 #SUP: 271917
12 15 #SUP: 272399
12 15 17 #SUP: 272368
15 17 #SUP: 272887
24 #SUP: 274213
24 27 #SUP: 226287
21 24 27 #SUP: 216911
21 24 27 31 #SUP: 204509
12 21 24 27 31 #SUP: 204223
12 17 21 24 27 31 #SUP: 204209
17 21 24 27 31 #SUP: 204495
16 21 24 27 #SUP: 212240
16 18 21 24 27 #SUP: 211786
12 16 18 21 24 27 #SUP: 211698
12 16 17 18 21 24 27 #SUP: 211678
16 17 18 21 24 27 #SUP: 211766
12 16 21 24 27 #SUP: 212106
12 16 17 21 24 27 #SUP: 212086
16 17 21 24 27 #SUP: 212220
18 21 24 27 #SUP: 216260
12 18 21 24 27 #SUP: 216163
12 17 18 21 24 27 #SUP: 216143
17 18 21 24 27 #SUP: 216240
12 21 24 27 #SUP: 216574
12 17 21 24 27 #SUP: 216554
17 21 24 27 #SUP: 216891
24 27 31 #SUP: 212955
16 24 27 31 #SUP: 209300
16 18 24 27 31 #SUP: 208912
12 16 18 24 27 31 #SUP: 208838
12 16 17 18 24 27 31 #SUP: 208824
16 17 18 24 27 31 #SUP: 208898
12 16 24 27 31 #SUP: 209192
12 16 17 24 27 31 #SUP: 209178
16 17 24 27 31 #SUP: 209286
18 24 27 31 #SUP: 212383
12 18 24 27 31 #SUP: 212303
12 17 18 24 27 31 #SUP: 212289
17 18 24 27 31 #SUP: 212369
12 24 27 31 #SUP: 212659
12 17 24 27 31 #SUP: 212645
17 24 27 31 #SUP: 212941
16 24 27 #SUP: 221409
16 18 24 27 #SUP: 220942
12 16 18 24 27 #SUP: 220850
12 16 17 18 24 27 #SUP: 220830
16 17 18 24 27 #SUP: 220922
12 16 24 27 #SUP: 221270
12 16 17 24 27 #SUP: 221250
16 17 24 27 #SUP: 221389
18 24 27 #SUP: 225616
12 18 24 27 #SUP: 225514
12 17 18 24 27 #SUP: 225494
17 18 24 27 #SUP: 225596
12 24 27 #SUP: 225937
12 17 24 27 #SUP: 225917
17 24 27 #SUP: 226267
24 43 #SUP: 236664
24 29 43 #SUP: 208910
16 24 29 43 #SUP: 204195
16 17 24 29 43 #SUP: 204173
18 24 29 43 #SUP: 208241
12 18 24 29 43 #SUP: 208136
12 17 18 24 29 43 #SUP: 208114
17 18 24 29 43 #SUP: 208219
12 24 29 43 #SUP: 208573
12 17 24 29 43 #SUP: 208551
17 24 29 43 #SUP: 208888
21 24 43 #SUP: 208467
18 21 24 43 #SUP: 207818
12 18 21 24 43 #SUP: 207705
12 17 18 21 24 43 #SUP: 207684
17 18 21 24 43 #SUP: 207797
12 21 24 43 #SUP: 208128
12 17 21 24 43 #SUP: 208107
17 21 24 43 #SUP: 208446
24 31 43 #SUP: 222613
16 24 31 43 #SUP: 218751
16 18 24 31 43 #SUP: 218306
12 16 18 24 31 43 #SUP: 218213
12 16 17 18 24 31 43 #SUP: 218196
16 17 18 24 31 43 #SUP: 218289
12 16 24 31 43 #SUP: 218617
12 16 17 24 31 43 #SUP: 218600
16 17 24 31 43 #SUP: 218734
18 24 31 43 #SUP: 221976
12 18 24 31 43 #SUP: 221878
12 17 18 24 31 43 #SUP: 221861
17 18 24 31 43 #SUP: 221959
12 24 31 43 #SUP: 222285
12 17 24 31 43 #SUP: 222268
17 24 31 43 #SUP: 222596
16 24 43 #SUP: 231606
16 18 24 43 #SUP: 231083
12 16 18 24 43 #SUP: 230970
12 16 17 18 24 43 #SUP: 230948
16 17 18 24 43 #SUP: 231061
12 16 24 43 #SUP: 231434
12 16 17 24 43 #SUP: 231412
16 17 24 43 #SUP: 231584
18 24 43 #SUP: 235929
12 18 24 43 #SUP: 235806
12 17 18 24 43 #SUP: 235784
17 18 24 43 #SUP: 235907
12 24 43 #SUP: 236273
12 17 24 43 #SUP: 236251
17 24 43 #SUP: 236642
24 29 #SUP: 242229
21 24 29 #SUP: 216130
16 21 24 29 #SUP: 210730
16 18 21 24 29 #SUP: 210200
12 16 18 21 24 29 #SUP: 210096
12 16 17 18 21 24 29 #SUP: 210074
16 17 18 21 24 29 #SUP: 210178
12 16 21 24 29 #SUP: 210578
12 16 17 21 24 29 #SUP: 210556
16 17 21 24 29 #SUP: 210708
18 21 24 29 #SUP: 215409
12 18 21 24 29 #SUP: 215294
12 17 18 21 24 29 #SUP: 215272
17 18 21 24 29 #SUP: 215387
12 21 24 29 #SUP: 215780
12 17 21 24 29 #SUP: 215758
17 21 24 29 #SUP: 216108
24 29 31 #SUP: 227064
16 24 29 31 #SUP: 222560
16 18 24 29 31 #SUP: 222067
12 16 18 24 29 31 #SUP: 221975
12 16 17 18 24 29 31 #SUP: 221958
16 17 18 24 29 31 #SUP: 222050
12 16 24 29 31 #SUP: 222426
12 16 17 24 29 31 #SUP: 222409
16 17 24 29 31 #SUP: 222543
18 24 29 31 #SUP: 226377
12 18 24 29 31 #SUP: 226278
12 17 18 24 29 31 #SUP: 226261
17 18 24 29 31 #SUP: 226360
12 24 29 31 #SUP: 226732
12 17 24 29 31 #SUP: 226715
17 24 29 31 #SUP: 227047
16 24 29 #SUP: 236321
16 18 24 29 #SUP: 235734
12 16 18 24 29 #SUP: 235623
12 16 17 18 24 29 #SUP: 235600
16 17 18 24 29 #SUP: 235711
12 16 24 29 #SUP: 236150
12 16 17 24 29 #SUP: 236127
16 17 24 29 #SUP: 236298
18 24 29 #SUP: 241425
12 18 24 29 #SUP: 241303
12 17 18 24 29 #SUP: 241280
17 18 24 29 #SUP: 241402
12 24 29 #SUP: 241834
12 17 24 29 #SUP: 241811
17 24 29 #SUP: 242206
21 24 #SUP: 242140
21 24 31 #SUP: 228016
16 21 24 31 #SUP: 223619
16 18 21 24 31 #SUP: 223141
12 16 18 21 24 31 #SUP: 223044
12 16 17 18 21 24 31 #SUP: 223028
16 17 18 21 24 31 #SUP: 223125
12 16 21 24 31 #SUP: 223482
12 16 17 21 24 31 #SUP: 223466
16 17 21 24 31 #SUP: 223603
18 21 24 31 #SUP: 227344
12 18 21 24 31 #SUP: 227240
12 17 18 21 24 31 #SUP: 227224
17 18 21 24 31 #SUP: 227328
12 21 24 31 #SUP: 227681
12 17 21 24 31 #SUP: 227665
17 21 24 31 #SUP: 228000
16 21 24 #SUP: 236383
16 18 21 24 #SUP: 235818
12 16 18 21 24 #SUP: 235700
12 16 17 18 21 24 #SUP: 235678
16 17 18 21 24 #SUP: 235796
12 16 21 24 #SUP: 236211
12 16 17 21 24 #SUP: 236189
16 17 21 24 #SUP: 236361
18 21 24 #SUP: 241360
12 18 21 24 #SUP: 241231
12 17 18 21 24 #SUP: 241209
17 18 21 24 #SUP: 241338
12 21 24 #SUP: 241746
12 17 21 24 #SUP: 241724
17 21 24 #SUP: 242118
24 31 #SUP: 257123
16 24 31 #SUP: 252352
16 18 24 31 #SUP: 251825
12 16 18 24 31 #SUP: 251718
12 16 17 18 24 31 #SUP: 251701
16 17 18 24 31 #SUP: 251808
12 16 24 31 #SUP: 252198
12 16 17 24 31 #SUP: 252181
16 17 24 31 #SUP: 252335
18 24 31 #SUP: 256373
12 18 24 31 #SUP: 256259
12 17 18 24 31 #SUP: 256242
17 18 24 31 #SUP: 256356
12 24 31 #SUP: 256742
12 17 24 31 #SUP: 256725
17 24 31 #SUP: 257106
16 24 #SUP: 267887
16 18 24 #SUP: 267256
12 16 18 24 #SUP: 267128
12 16 17 18 24 #SUP: 267105
16 17 18 24 #SUP: 267233
12 16 24 #SUP: 267690
12 16 17 24 #SUP: 267667
16 17 24 #SUP: 267864
18 24 #SUP: 273333
12 18 24 #SUP: 273193
12 17 18 24 #SUP: 273170
17 18 24 #SUP: 273310
12 24 #SUP: 273759
12 17 24 #SUP: 273736
17 24 #SUP: 274190
27 #SUP: 284036
27 43 #SUP: 243163
27 29 43 #SUP: 213817
21 27 29 43 #SUP: 206150
18 21 27 29 43 #SUP: 205525
12 18 21 27 29 43 #SUP: 205427
12 17 18 21 27 29 43 #SUP: 205401
17 18 21 27 29 43 #SUP: 205499
12 21 27 29 43 #SUP: 205819
12 17 21 27 29 43 #SUP: 205793
17 21 27 29 43 #SUP: 206124
16 27 29 43 #SUP: 209411
16 18 27 29 43 #SUP: 208962
12 16 18 27 29 43 #SUP: 208871
12 16 17 18 27 29 43 #SUP: 208845
16 17 18 27 29 43 #SUP: 208936
12 16 27 29 43 #SUP: 209275
12 16 17 27 29 43 #SUP: 209249
16 17 27 29 43 #SUP: 209385
18 27 29 43 #SUP: 213172
12 18 27 29 43 #SUP: 213072
12 17 18 27 29 43 #SUP: 213046
17 18 27 29 43 #SUP: 213146
12 27 29 43 #SUP: 213478
12 17 27 29 43 #SUP: 213452
17 27 29 43 #SUP: 213791
21 27 43 #SUP: 233648
21 27 31 43 #SUP: 220378
16 21 27 31 43 #SUP: 216891
16 18 21 27 31 43 #SUP: 216503
12 16 18 21 27 31 43 #SUP: 216419
12 16 17 18 21 27 31 43 #SUP: 216398
16 17 18 21 27 31 43 #SUP: 216482
12 16 21 27 31 43 #SUP: 216768
12 16 17 21 27 31 43 #SUP: 216747
16 17 21 27 31 43 #SUP: 216870
18 21 27 31 43 #SUP: 219801
12 18 21 27 31 43 #SUP: 219711
12 17 18 21 27 31 43 #SUP: 219690
17 18 21 27 31 43 #SUP: 219780
12 21 27 31 43 #SUP: 220062
12 17 21 27 31 43 #SUP: 220041
17 21 27 31 43 #SUP: 220357
16 21 27 43 #SUP: 229018
16 18 21 27 43 #SUP: 228551
12 16 18 21 27 43 #SUP: 228449
12 16 17 18 21 27 43 #SUP: 228423
16 17 18 21 27 43 #SUP: 228525
12 16 21 27 43 #SUP: 228866
12 16 17 21 27 43 #SUP: 228840
16 17 21 27 43 #SUP: 228992
18 21 27 43 #SUP: 232963
12 18 21 27 43 #SUP: 232852
12 17 18 21 27 43 #SUP: 232826
17 18 21 27 43 #SUP: 232937
12 21 27 43 #SUP: 233271
12 17 21 27 43 #SUP: 233245
17 21 27 43 #SUP: 233622
27 31 43 #SUP: 228902
16 27 31 43 #SUP: 225312
16 18 27 31 43 #SUP: 224910
12 16 18 27 31 43 #SUP: 224822
12 16 17 18 27 31 43 #SUP: 224801
16 17 18 27 31 43 #SUP: 224889
12 16 27 31 43 #SUP: 225185
12 16 17 27 31 43 #SUP: 225164
16 17 27 31 43 #SUP: 225291
18 27 31 43 #SUP: 228305
12 18 27 31 43 #SUP: 228211
12 17 18 27 31 43 #SUP: 228190
17 18 27 31 43 #SUP: 228284
12 27 31 43 #SUP: 228576
12 17 27 31 43 #SUP: 228555
17 27 31 43 #SUP: 228881
16 27 43 #SUP: 238376
16 18 27 43 #SUP: 237893
12 16 18 27 43 #SUP: 237787
12 16 17 18 27 43 #SUP: 237761
16 17 18 27 43 #SUP: 237867
12 16 27 43 #SUP: 238219
12 16 17 27 43 #SUP: 238193
16 17 27 43 #SUP: 238350
18 27 43 #SUP: 242454
12 18 27 43 #SUP: 242338
12 17 18 27 43 #SUP: 242312
17 18 27 43 #SUP: 242428
12 27 43 #SUP: 242772
12 17 27 43 #SUP: 242746
17 27 43 #SUP: 243137
27 29 #SUP: 249682
21 27 29 #SUP: 240270
21 27 29 31 #SUP: 226077
16 21 27 29 31 #SUP: 222004
16 18 21 27 29 31 #SUP: 221570
12 16 18 21 27 29 31 #SUP: 221489
12 16 17 18 21 27 29 31 #SUP: 221467
16 17 18 21 27 29 31 #SUP: 221548
12 16 21 27 29 31 #SUP: 221882
12 16 17 21 27 29 31 #SUP: 221860
16 17 21 27 29 31 #SUP: 221982
18 21 27 29 31 #SUP: 225448
12 18 21 27 29 31 #SUP: 225359
12 17 18 21 27 29 31 #SUP: 225337
17 18 21 27 29 31 #SUP: 225426
12 21 27 29 31 #SUP: 225755
12 17 21 27 29 31 #SUP: 225733
17 21 27 29 31 #SUP: 226055
16 21 27 29 #SUP: 234896
16 18 21 27 29 #SUP: 234371
12 16 18 21 27 29 #SUP: 234272
12 16 17 18 21 27 29 #SUP: 234244
16 17 18 21 27 29 #SUP: 234343
12 16 21 27 29 #SUP: 234744
12 16 17 21 27 29 #SUP: 234716
16 17 21 27 29 #SUP: 234868
18 21 27 29 #SUP: 239517
12 18 21 27 29 #SUP: 239407
12 17 18 21 27 29 #SUP: 239379
17 18 21 27 29 #SUP: 239489
12 21 27 29 #SUP: 239883
12 17 21 27 29 #SUP: 239855
17 21 27 29 #SUP: 240242
27 29 31 #SUP: 234438
16 27 29 31 #SUP: 230223
16 18 27 29 31 #SUP: 229776
12 16 18 27 29 31 #SUP: 229692
12 16 17 18 27 29 31 #SUP: 229670
16 17 18 27 29 31 #SUP: 229754
12 16 27 29 31 #SUP: 230098
12 16 17 27 29 31 #SUP: 230076
16 17 27 29 31 #SUP: 230201
18 27 29 31 #SUP: 233792
12 18 27 29 31 #SUP: 233700
12 17 18 27 29 31 #SUP: 233678
17 18 27 29 31 #SUP: 233770
12 27 29 31 #SUP: 234109
12 17 27 29 31 #SUP: 234087
17 27 29 31 #SUP: 234416
16 27 29 #SUP: 244082
16 18 27 29 #SUP: 243541
12 16 18 27 29 #SUP: 243439
12 16 17 18 27 29 #SUP: 243411
16 17 18 27 29 #SUP: 243513
12 16 27 29 #SUP: 243926
12 16 17 27 29 #SUP: 243898
16 17 27 29 #SUP: 244054
18 27 29 #SUP: 248907
12 18 27 29 #SUP: 248794
12 17 18 27 29 #SUP: 248766
17 18 27 29 #SUP: 248879
12 27 29 #SUP: 249285
12 17 27 29 #SUP: 249257
17 27 29 #SUP: 249654
21 27 #SUP: 272438
21 27 31 #SUP: 256335
16 21 27 31 #SUP: 251980
16 18 21 27 31 #SUP: 251516
12 16 18 21 27 31 #SUP: 251424
12 16 17 18 21 27 31 #SUP: 251402
16 17 18 21 27 31 #SUP: 251494
12 16 21 27 31 #SUP: 251842
12 16 17 21 27 31 #SUP: 251820
16 17 21 27 31 #SUP: 251958
18 21 27 31 #SUP: 255647
12 18 21 27 31 #SUP: 255547
12 17 18 21 27 31 #SUP: 255525
17 18 21 27 31 #SUP: 255625
12 21 27 31 #SUP: 255968
12 17 21 27 31 #SUP: 255946
17 21 27 31 #SUP: 256313
16 21 27 #SUP: 266624
16 18 21 27 #SUP: 266061
12 16 18 21 27 #SUP: 265949
12 16 17 18 21 27 #SUP: 265921
16 17 18 21 27 #SUP: 266033
12 16 21 27 #SUP: 266452
12 16 17 21 27 #SUP: 266424
16 17 21 27 #SUP: 266596
18 21 27 #SUP: 271615
12 18 21 27 #SUP: 271492
12 17 18 21 27 #SUP: 271464
17 18 21 27 #SUP: 271587
12 21 27 #SUP: 271999
12 17 21 27 #SUP: 271971
17 21 27 #SUP: 272410
27 31 #SUP: 266632
16 27 31 #SUP: 262118
16 18 27 31 #SUP: 261640
12 16 18 27 31 #SUP: 261543
12 16 17 18 27 31 #SUP: 261521
16 17 18 27 31 #SUP: 261618
12 16 27 31 #SUP: 261975
12 16 17 27 31 #SUP: 261953
16 17 27 31 #SUP: 262096
18 27 31 #SUP: 265923
12 18 27 31 #SUP: 265818
12 17 18 27 31 #SUP: 265796
17 18 27 31 #SUP: 265901
12 27 31 #SUP: 266253
12 17 27 31 #SUP: 266231
17 27 31 #SUP: 266610
16 27 #SUP: 277963
16 18 27 #SUP: 277383
12 16 18 27 #SUP: 277266
12 16 17 18 27 #SUP: 277238
16 17 18 27 #SUP: 277355
12 16 27 #SUP: 277785
12 16 17 27 #SUP: 277757
16 17 27 #SUP: 277935
18 27 #SUP: 283186
12 18 27 #SUP: 283057
12 17 18 27 #SUP: 283029
17 18 27 #SUP: 283158
12 27 #SUP: 283580
12 17 27 #SUP: 283552
17 27 #SUP: 284008
43 #SUP: 291396
29 43 #SUP: 256190
21 29 43 #SUP: 229625
21 29 31 43 #SUP: 216278
16 21 29 31 43 #SUP: 212210
16 18 21 29 31 43 #SUP: 211765
12 16 18 21 29 31 43 #SUP: 211670
12 16 17 18 21 29 31 43 #SUP: 211646
16 17 18 21 29 31 43 #SUP: 211741
12 16 21 29 31 43 #SUP: 212075
12 16 17 21 29 31 43 #SUP: 212051
16 17 21 29 31 43 #SUP: 212186
18 21 29 31 43 #SUP: 215652
12 18 21 29 31 43 #SUP: 215550
12 17 18 21 29 31 43 #SUP: 215526
17 18 21 29 31 43 #SUP: 215628
12 21 29 31 43 #SUP: 215958
12 17 21 29 31 43 #SUP: 215934
17 21 29 31 43 #SUP: 216254
16 21 29 43 #SUP: 224351
16 18 21 29 43 #SUP: 223826
12 16 18 21 29 43 #SUP: 223710
12 16 17 18 21 29 43 #SUP: 223681
16 17 18 21 29 43 #SUP: 223797
12 16 21 29 43 #SUP: 224184
12 16 17 21 29 43 #SUP: 224155
16 17 21 29 43 #SUP: 224322
18 21 29 43 #SUP: 228890
12 18 21 29 43 #SUP: 228763
12 17 18 21 29 43 #SUP: 228734
17 18 21 29 43 #SUP: 228861
12 21 29 43 #SUP: 229240
12 17 21 29 43 #SUP: 229211
17 21 29 43 #SUP: 229596
29 31 43 #SUP: 240102
16 29 31 43 #SUP: 235727
16 18 29 31 43 #SUP: 235238
12 16 18 29 31 43 #SUP: 235137
12 16 17 18 29 31 43 #SUP: 235112
16 17 18 29 31 43 #SUP: 235213
12 16 29 31 43 #SUP: 235582
12 16 17 29 31 43 #SUP: 235557
16 17 29 31 43 #SUP: 235702
18 29 31 43 #SUP: 239409
12 18 29 31 43 #SUP: 239301
12 17 18 29 31 43 #SUP: 239276
17 18 29 31 43 #SUP: 239384
12 29 31 43 #SUP: 239749
12 17 29 31 43 #SUP: 239724
17 29 31 43 #SUP: 240077
16 29 43 #SUP: 250450
16 18 29 43 #SUP: 249866
12 16 18 29 43 #SUP: 249743
12 16 17 18 29 43 #SUP: 249713
16 17 18 29 43 #SUP: 249836
12 16 29 43 #SUP: 250262
12 16 17 29 43 #SUP: 250232
16 17 29 43 #SUP: 250420
18 29 43 #SUP: 255368
12 18 29 43 #SUP: 255234
12 17 18 29 43 #SUP: 255204
17 18 29 43 #SUP: 255338
12 29 43 #SUP: 255756
12 17 29 43 #SUP: 255726
17 29 43 #SUP: 256160
21 43 #SUP: 258402
21 31 43 #SUP: 243422
16 21 31 43 #SUP: 239101
16 18 21 31 43 #SUP: 238625
12 16 18 21 31 43 #SUP: 238518
12 16 17 18 21 31 43 #SUP: 238494
16 17 18 21 31 43 #SUP: 238601
12 16 21 31 43 #SUP: 238949
12 16 17 21 31 43 #SUP: 238925
16 17 21 31 43 #SUP: 239077
18 21 31 43 #SUP: 242740
12 18 21 31 43 #SUP: 242626
12 17 18 21 31 43 #SUP: 242602
17 18 21 31 43 #SUP: 242716
12 21 31 43 #SUP: 243060
12 17 21 31 43 #SUP: 243036
17 21 31 43 #SUP: 243398
16 21 43 #SUP: 252747
16 18 21 43 #SUP: 252185
12 16 18 21 43 #SUP: 252055
12 16 17 18 21 43 #SUP: 252026
16 17 18 21 43 #SUP: 252156
12 16 21 43 #SUP: 252559
12 16 17 21 43 #SUP: 252530
16 17 21 43 #SUP: 252718
18 21 43 #SUP: 257603
12 18 21 43 #SUP: 257462
12 17 18 21 43 #SUP: 257433
17 18 21 43 #SUP: 257574
12 21 43 #SUP: 257969
12 17 21 43 #SUP: 257940
17 21 43 #SUP: 258373
31 43 #SUP: 273126
16 31 43 #SUP: 268464
16 18 31 43 #SUP: 267936
12 16 18 31 43 #SUP: 267820
12 16 17 18 31 43 #SUP: 267795
16 17 18 31 43 #SUP: 267911
12 16 31 43 #SUP: 268296
12 16 17 31 43 #SUP: 268271
16 17 31 43 #SUP: 268439
18 31 43 #SUP: 272362
12 18 31 43 #SUP: 272239
12 17 18 31 43 #SUP: 272214
17 18 31 43 #SUP: 272337
12 31 43 #SUP: 272718
12 17 31 43 #SUP: 272693
17 31 43 #SUP: 273101
16 43 #SUP: 285220
16 18 43 #SUP: 284589
12 16 18 43 #SUP: 284449
12 16 17 18 43 #SUP: 284419
16 17 18 43 #SUP: 284559
12 16 43 #SUP: 285004
12 16 17 43 #SUP: 284974
16 17 43 #SUP: 285190
18 43 #SUP: 290493
12 18 43 #SUP: 290341
12 17 18 43 #SUP: 290311
17 18 43 #SUP: 290463
12 43 #SUP: 290899
12 17 43 #SUP: 290869
17 43 #SUP: 291366
29 #SUP: 299191
21 29 #SUP: 268665
21 29 31 #SUP: 252402
16 21 29 31 #SUP: 247325
16 18 21 29 31 #SUP: 246780
12 16 18 21 29 31 #SUP: 246671
12 16 17 18 21 29 31 #SUP: 246646
16 17 18 21 29 31 #SUP: 246755
12 16 21 29 31 #SUP: 247166
12 16 17 21 29 31 #SUP: 247141
16 17 21 29 31 #SUP: 247300
18 21 29 31 #SUP: 251644
12 18 21 29 31 #SUP: 251524
12 17 18 21 29 31 #SUP: 251499
17 18 21 29 31 #SUP: 251619
12 21 29 31 #SUP: 252023
12 17 21 29 31 #SUP: 251998
17 21 29 31 #SUP: 252377
16 21 29 #SUP: 262034
16 18 21 29 #SUP: 261389
12 16 18 21 29 #SUP: 261257
12 16 17 18 21 29 #SUP: 261226
16 17 18 21 29 #SUP: 261358
12 16 21 29 #SUP: 261839
12 16 17 21 29 #SUP: 261808
16 17 21 29 #SUP: 262003
18 21 29 #SUP: 267772
12 18 21 29 #SUP: 267625
12 17 18 21 29 #SUP: 267594
17 18 21 29 #SUP: 267741
12 21 29 #SUP: 268212
12 17 21 29 #SUP: 268181
17 21 29 #SUP: 268634
29 31 #SUP: 279681
16 29 31 #SUP: 274211
16 18 29 31 #SUP: 273617
12 16 18 29 31 #SUP: 273500
12 16 17 18 29 31 #SUP: 273474
16 17 18 29 31 #SUP: 273591
12 16 29 31 #SUP: 274039
12 16 17 29 31 #SUP: 274013
16 17 29 31 #SUP: 274185
18 29 31 #SUP: 278848
12 18 29 31 #SUP: 278720
12 17 18 29 31 #SUP: 278694
17 18 29 31 #SUP: 278822
12 29 31 #SUP: 279263
12 17 29 31 #SUP: 279237
17 29 31 #SUP: 279655
16 29 #SUP: 291958
16 18 29 #SUP: 291245
12 16 18 29 #SUP: 291104
12 16 17 18 29 #SUP: 291072
16 17 18 29 #SUP: 291213
12 16 29 #SUP: 291738
12 16 17 29 #SUP: 291706
16 17 29 #SUP: 291926
18 29 #SUP: 298197
12 18 29 #SUP: 298041
12 17 18 29 #SUP: 298009
17 18 29 #SUP: 298165
12 29 #SUP: 298680
12 17 29 #SUP: 298648
17 29 #SUP: 299159
21 #SUP: 302446
21 31 #SUP: 284154
16 21 31 #SUP: 278779
16 18 21 31 #SUP: 278201
12 16 18 21 31 #SUP: 278080
12 16 17 18 21 31 #SUP: 278055
16 17 18 21 31 #SUP: 278176
12 16 21 31 #SUP: 278603
12 16 17 21 31 #SUP: 278578
16 17 21 31 #SUP: 278754
18 21 31 #SUP: 283334
12 18 21 31 #SUP: 283202
12 17 18 21 31 #SUP: 283177
17 18 21 31 #SUP: 283309
12 21 31 #SUP: 283729
12 17 21 31 #SUP: 283704
17 21 31 #SUP: 284129
16 21 #SUP: 295351
16 18 21 #SUP: 294663
12 16 18 21 #SUP: 294517
12 16 17 18 21 #SUP: 294486
16 17 18 21 #SUP: 294632
12 16 21 #SUP: 295134
12 16 17 21 #SUP: 295103
16 17 21 #SUP: 295320
18 21 #SUP: 301478
12 18 21 #SUP: 301317
12 17 18 21 #SUP: 301286
17 18 21 #SUP: 301447
12 21 #SUP: 301939
12 17 21 #SUP: 301908
17 21 #SUP: 302415
31 #SUP: 318014
16 31 #SUP: 312204
16 18 31 #SUP: 311569
12 16 18 31 #SUP: 311437
12 16 17 18 31 #SUP: 311411
16 17 18 31 #SUP: 311543
12 16 31 #SUP: 312009
12 16 17 31 #SUP: 311983
16 17 31 #SUP: 312178
18 31 #SUP: 317103
12 18 31 #SUP: 316960
12 17 18 31 #SUP: 316934
17 18 31 #SUP: 317077
12 31 #SUP: 317536
12 17 31 #SUP: 317510
17 31 #SUP: 317988
16 #SUP: 332414
16 18 #SUP: 331648
12 16 18 #SUP: 331490
12 16 17 18 #SUP: 331458
16 17 18 #SUP: 331616
12 16 #SUP: 332165
12 16 17 #SUP: 332133
16 17 #SUP: 332382
18 #SUP: 339095
12 18 #SUP: 338921
12 17 18 #SUP: 338889
17 18 #SUP: 339063
12 #SUP: 339601
12 17 #SUP: 339569
17 #SUP: 340151
