42 #SUP: 2536
42 97 #SUP: 2536
36 42 97 #SUP: 2536
36 42 94 97 #SUP: 2528
36 42 90 94 97 #SUP: 2528
36 42 90 97 #SUP: 2536
42 94 97 #SUP: 2528
42 90 94 97 #SUP: 2528
42 90 97 #SUP: 2536
36 42 #SUP: 2536
36 42 94 #SUP: 2528
36 42 90 94 #SUP: 2528
36 42 90 #SUP: 2536
42 94 #SUP: 2528
42 90 94 #SUP: 2528
42 90 #SUP: 2536
12 #SUP: 2684
12 90 #SUP: 2684
100 #SUP: 3056
56 100 #SUP: 2752
24 56 100 #SUP: 2752
24 56 97 100 #SUP: 2752
24 36 56 97 100 #SUP: 2752
24 36 56 94 97 100 #SUP: 2752
24 36 56 90 94 97 100 #SUP: 2752
24 36 56 90 97 100 #SUP: 2752
24 56 94 97 100 #SUP: 2752
24 56 90 94 97 100 #SUP: 2752
24 56 90 97 100 #SUP: 2752
24 36 56 100 #SUP: 2752
24 36 56 94 100 #SUP: 2752
24 36 56 90 94 100 #SUP: 2752
24 36 56 90 100 #SUP: 2752
24 56 94 100 #SUP: 2752
24 56 90 94 100 #SUP: 2752
24 56 90 100 #SUP: 2752
56 97 100 #SUP: 2752
36 56 97 100 #SUP: 2752
36 56 94 97 100 #SUP: 2752
36 56 90 94 97 100 #SUP: 2752
36 56 90 97 100 #SUP: 2752
56 94 97 100 #SUP: 2752
56 90 94 97 100 #SUP: 2752
56 90 97 100 #SUP: 2752
36 56 100 #SUP: 2752
36 56 94 100 #SUP: 2752
36 56 90 94 100 #SUP: 2752
36 56 90 100 #SUP: 2752
56 94 100 #SUP: 2752
56 90 94 100 #SUP: 2752
56 90 100 #SUP: 2752
24 100 #SUP: 2864
24 97 100 #SUP: 2864
24 36 97 100 #SUP: 2864
24 36 94 97 100 #SUP: 2856
24 36 90 94 97 100 #SUP: 2856
24 36 90 97 100 #SUP: 2864
24 94 97 100 #SUP: 2856
24 90 94 97 100 #SUP: 2856
24 90 97 100 #SUP: 2864
24 36 100 #SUP: 2864
24 36 94 100 #SUP: 2856
24 36 90 94 100 #SUP: 2856
24 36 90 100 #SUP: 2864
24 94 100 #SUP: 2856
24 90 94 100 #SUP: 2856
24 90 100 #SUP: 2864
97 100 #SUP: 2864
36 97 100 #SUP: 2864
36 94 97 100 #SUP: 2856
36 90 94 97 100 #SUP: 2856
36 90 97 100 #SUP: 2864
94 97 100 #SUP: 2856
90 94 97 100 #SUP: 2856
90 97 100 #SUP: 2864
36 100 #SUP: 3056
36 94 100 #SUP: 3048
36 90 94 100 #SUP: 3048
36 90 100 #SUP: 3056
94 100 #SUP: 3048
90 94 100 #SUP: 3048
90 100 #SUP: 3056
128 #SUP: 3160
38 128 #SUP: 2968
38 97 128 #SUP: 2912
36 38 97 128 #SUP: 2912
36 38 94 97 128 #SUP: 2912
36 38 90 94 97 128 #SUP: 2912
36 38 90 97 128 #SUP: 2912
38 94 97 128 #SUP: 2912
38 90 94 97 128 #SUP: 2912
38 90 97 128 #SUP: 2912
36 38 128 #SUP: 2944
36 38 94 128 #SUP: 2944
36 38 90 94 128 #SUP: 2944
36 38 90 128 #SUP: 2944
38 94 128 #SUP: 2968
38 90 94 128 #SUP: 2968
38 90 128 #SUP: 2968
97 128 #SUP: 3104
36 97 128 #SUP: 3104
36 94 97 128 #SUP: 3104
36 90 94 97 128 #SUP: 3104
36 90 97 128 #SUP: 3104
94 97 128 #SUP: 3104
90 94 97 128 #SUP: 3104
90 97 128 #SUP: 3104
36 128 #SUP: 3136
36 94 128 #SUP: 3136
36 90 94 128 #SUP: 3136
36 90 128 #SUP: 3136
94 128 #SUP: 3160
90 94 128 #SUP: 3160
90 128 #SUP: 3160
11 #SUP: 3268
11 38 #SUP: 3220
11 38 97 #SUP: 3016
11 36 38 97 #SUP: 3016
11 36 38 94 97 #SUP: 3016
11 36 38 90 94 97 #SUP: 3016
11 36 38 90 97 #SUP: 3016
11 38 94 97 #SUP: 3016
11 38 90 94 97 #SUP: 3016
11 38 90 97 #SUP: 3016
11 36 38 #SUP: 3196
11 36 38 94 #SUP: 3196
11 36 38 90 94 #SUP: 3196
11 36 38 90 #SUP: 3196
11 38 94 #SUP: 3220
11 38 90 94 #SUP: 3220
11 38 90 #SUP: 3220
11 97 #SUP: 3064
11 36 97 #SUP: 3064
11 36 94 97 #SUP: 3056
11 36 90 94 97 #SUP: 3056
11 36 90 97 #SUP: 3064
11 94 97 #SUP: 3056
11 90 94 97 #SUP: 3056
11 90 97 #SUP: 3064
11 36 #SUP: 3244
11 36 94 #SUP: 3236
11 36 90 94 #SUP: 3236
11 36 90 #SUP: 3244
11 94 #SUP: 3260
11 90 94 #SUP: 3260
11 90 #SUP: 3268
6 #SUP: 3292
6 38 #SUP: 2704
6 38 97 #SUP: 2568
6 38 90 97 #SUP: 2568
6 36 38 #SUP: 2648
6 36 38 94 #SUP: 2648
6 36 38 90 94 #SUP: 2648
6 36 38 90 #SUP: 2648
6 38 94 #SUP: 2656
6 38 90 94 #SUP: 2656
6 38 90 #SUP: 2704
6 97 #SUP: 3156
6 36 97 #SUP: 3108
6 36 94 97 #SUP: 3106
6 36 90 94 97 #SUP: 3106
6 36 90 97 #SUP: 3108
6 94 97 #SUP: 3106
6 90 94 97 #SUP: 3106
6 90 97 #SUP: 3156
6 36 #SUP: 3236
6 36 94 #SUP: 3234
6 36 90 94 #SUP: 3234
6 36 90 #SUP: 3236
6 94 #SUP: 3242
6 90 94 #SUP: 3242
6 90 #SUP: 3292
23 #SUP: 3376
23 104 #SUP: 3184
1 23 104 #SUP: 2560
1 23 67 104 #SUP: 2560
1 23 67 97 104 #SUP: 2528
1 23 36 67 97 104 #SUP: 2528
1 23 36 67 94 97 104 #SUP: 2528
1 23 36 67 90 94 97 104 #SUP: 2528
1 23 36 67 90 97 104 #SUP: 2528
1 23 67 94 97 104 #SUP: 2528
1 23 67 90 94 97 104 #SUP: 2528
1 23 67 90 97 104 #SUP: 2528
1 23 36 67 104 #SUP: 2560
1 23 36 67 94 104 #SUP: 2560
1 23 36 67 90 94 104 #SUP: 2560
1 23 36 67 90 104 #SUP: 2560
1 23 67 94 104 #SUP: 2560
1 23 67 90 94 104 #SUP: 2560
1 23 67 90 104 #SUP: 2560
1 23 97 104 #SUP: 2528
1 23 36 97 104 #SUP: 2528
1 23 36 94 97 104 #SUP: 2528
1 23 36 90 94 97 104 #SUP: 2528
1 23 36 90 97 104 #SUP: 2528
1 23 94 97 104 #SUP: 2528
1 23 90 94 97 104 #SUP: 2528
1 23 90 97 104 #SUP: 2528
1 23 36 104 #SUP: 2560
1 23 36 94 104 #SUP: 2560
1 23 36 90 94 104 #SUP: 2560
1 23 36 90 104 #SUP: 2560
1 23 94 104 #SUP: 2560
1 23 90 94 104 #SUP: 2560
1 23 90 104 #SUP: 2560
23 71 104 #SUP: 2848
23 67 71 104 #SUP: 2776
23 38 67 71 104 #SUP: 2672
23 38 67 71 97 104 #SUP: 2568
23 36 38 67 71 97 104 #SUP: 2568
23 36 38 67 71 94 97 104 #SUP: 2568
23 36 38 67 71 90 94 97 104 #SUP: 2568
23 36 38 67 71 90 97 104 #SUP: 2568
23 38 67 71 94 97 104 #SUP: 2568
23 38 67 71 90 94 97 104 #SUP: 2568
23 38 67 71 90 97 104 #SUP: 2568
23 36 38 67 71 104 #SUP: 2672
23 36 38 67 71 94 104 #SUP: 2672
23 36 38 67 71 90 94 104 #SUP: 2672
23 36 38 67 71 90 104 #SUP: 2672
23 38 67 71 94 104 #SUP: 2672
23 38 67 71 90 94 104 #SUP: 2672
23 38 67 71 90 104 #SUP: 2672
23 67 71 97 104 #SUP: 2672
23 36 67 71 97 104 #SUP: 2672
23 36 67 71 94 97 104 #SUP: 2672
23 36 67 71 90 94 97 104 #SUP: 2672
23 36 67 71 90 97 104 #SUP: 2672
23 67 71 94 97 104 #SUP: 2672
23 67 71 90 94 97 104 #SUP: 2672
23 67 71 90 97 104 #SUP: 2672
23 36 67 71 104 #SUP: 2776
23 36 67 71 94 104 #SUP: 2776
23 36 67 71 90 94 104 #SUP: 2776
23 36 67 71 90 104 #SUP: 2776
23 67 71 94 104 #SUP: 2776
23 67 71 90 94 104 #SUP: 2776
23 67 71 90 104 #SUP: 2776
23 38 71 104 #SUP: 2744
23 38 71 97 104 #SUP: 2640
23 36 38 71 97 104 #SUP: 2640
23 36 38 71 94 97 104 #SUP: 2640
23 36 38 71 90 94 97 104 #SUP: 2640
23 36 38 71 90 97 104 #SUP: 2640
23 38 71 94 97 104 #SUP: 2640
23 38 71 90 94 97 104 #SUP: 2640
23 38 71 90 97 104 #SUP: 2640
23 36 38 71 104 #SUP: 2744
23 36 38 71 94 104 #SUP: 2744
23 36 38 71 90 94 104 #SUP: 2744
23 36 38 71 90 104 #SUP: 2744
23 38 71 94 104 #SUP: 2744
23 38 71 90 94 104 #SUP: 2744
23 38 71 90 104 #SUP: 2744
23 71 97 104 #SUP: 2744
23 36 71 97 104 #SUP: 2744
23 36 71 94 97 104 #SUP: 2744
23 36 71 90 94 97 104 #SUP: 2744
23 36 71 90 97 104 #SUP: 2744
23 71 94 97 104 #SUP: 2744
23 71 90 94 97 104 #SUP: 2744
23 71 90 97 104 #SUP: 2744
23 36 71 104 #SUP: 2848
23 36 71 94 104 #SUP: 2848
23 36 71 90 94 104 #SUP: 2848
23 36 71 90 104 #SUP: 2848
23 71 94 104 #SUP: 2848
23 71 90 94 104 #SUP: 2848
23 71 90 104 #SUP: 2848
23 67 104 #SUP: 3040
23 41 67 104 #SUP: 2680
23 38 41 67 104 #SUP: 2680
23 38 41 67 97 104 #SUP: 2576
23 36 38 41 67 97 104 #SUP: 2576
23 36 38 41 67 94 97 104 #SUP: 2576
23 36 38 41 67 90 94 97 104 #SUP: 2576
23 36 38 41 67 90 97 104 #SUP: 2576
23 38 41 67 94 97 104 #SUP: 2576
23 38 41 67 90 94 97 104 #SUP: 2576
23 38 41 67 90 97 104 #SUP: 2576
23 36 38 41 67 104 #SUP: 2680
23 36 38 41 67 94 104 #SUP: 2680
23 36 38 41 67 90 94 104 #SUP: 2680
23 36 38 41 67 90 104 #SUP: 2680
23 38 41 67 94 104 #SUP: 2680
23 38 41 67 90 94 104 #SUP: 2680
23 38 41 67 90 104 #SUP: 2680
23 41 67 97 104 #SUP: 2576
23 36 41 67 97 104 #SUP: 2576
23 36 41 67 94 97 104 #SUP: 2576
23 36 41 67 90 94 97 104 #SUP: 2576
23 36 41 67 90 97 104 #SUP: 2576
23 41 67 94 97 104 #SUP: 2576
23 41 67 90 94 97 104 #SUP: 2576
23 41 67 90 97 104 #SUP: 2576
23 36 41 67 104 #SUP: 2680
23 36 41 67 94 104 #SUP: 2680
23 36 41 67 90 94 104 #SUP: 2680
23 36 41 67 90 104 #SUP: 2680
23 41 67 94 104 #SUP: 2680
23 41 67 90 94 104 #SUP: 2680
23 41 67 90 104 #SUP: 2680
23 38 67 104 #SUP: 2936
23 38 67 97 104 #SUP: 2832
23 36 38 67 97 104 #SUP: 2832
23 36 38 67 94 97 104 #SUP: 2832
23 36 38 67 90 94 97 104 #SUP: 2832
23 36 38 67 90 97 104 #SUP: 2832
23 38 67 94 97 104 #SUP: 2832
23 38 67 90 94 97 104 #SUP: 2832
23 38 67 90 97 104 #SUP: 2832
23 36 38 67 104 #SUP: 2936
23 36 38 67 94 104 #SUP: 2936
23 36 38 67 90 94 104 #SUP: 2936
23 36 38 67 90 104 #SUP: 2936
23 38 67 94 104 #SUP: 2936
23 38 67 90 94 104 #SUP: 2936
23 38 67 90 104 #SUP: 2936
23 67 97 104 #SUP: 2936
23 36 67 97 104 #SUP: 2936
23 36 67 94 97 104 #SUP: 2936
23 36 67 90 94 97 104 #SUP: 2936
23 36 67 90 97 104 #SUP: 2936
23 67 94 97 104 #SUP: 2936
23 67 90 94 97 104 #SUP: 2936
23 67 90 97 104 #SUP: 2936
23 36 67 104 #SUP: 3040
23 36 67 94 104 #SUP: 3040
23 36 67 90 94 104 #SUP: 3040
23 36 67 90 104 #SUP: 3040
23 67 94 104 #SUP: 3040
23 67 90 94 104 #SUP: 3040
23 67 90 104 #SUP: 3040
23 41 104 #SUP: 2824
23 38 41 104 #SUP: 2824
23 38 41 97 104 #SUP: 2720
23 36 38 41 97 104 #SUP: 2720
23 36 38 41 94 97 104 #SUP: 2720
23 36 38 41 90 94 97 104 #SUP: 2720
23 36 38 41 90 97 104 #SUP: 2720
23 38 41 94 97 104 #SUP: 2720
23 38 41 90 94 97 104 #SUP: 2720
23 38 41 90 97 104 #SUP: 2720
23 36 38 41 104 #SUP: 2824
23 36 38 41 94 104 #SUP: 2824
23 36 38 41 90 94 104 #SUP: 2824
23 36 38 41 90 104 #SUP: 2824
23 38 41 94 104 #SUP: 2824
23 38 41 90 94 104 #SUP: 2824
23 38 41 90 104 #SUP: 2824
23 41 97 104 #SUP: 2720
23 36 41 97 104 #SUP: 2720
23 36 41 94 97 104 #SUP: 2720
23 36 41 90 94 97 104 #SUP: 2720
23 36 41 90 97 104 #SUP: 2720
23 41 94 97 104 #SUP: 2720
23 41 90 94 97 104 #SUP: 2720
23 41 90 97 104 #SUP: 2720
23 36 41 104 #SUP: 2824
23 36 41 94 104 #SUP: 2824
23 36 41 90 94 104 #SUP: 2824
23 36 41 90 104 #SUP: 2824
23 41 94 104 #SUP: 2824
23 41 90 94 104 #SUP: 2824
23 41 90 104 #SUP: 2824
23 38 104 #SUP: 3080
23 38 97 104 #SUP: 2976
23 36 38 97 104 #SUP: 2976
23 36 38 94 97 104 #SUP: 2976
23 36 38 90 94 97 104 #SUP: 2976
23 36 38 90 97 104 #SUP: 2976
23 38 94 97 104 #SUP: 2976
23 38 90 94 97 104 #SUP: 2976
23 38 90 97 104 #SUP: 2976
23 36 38 104 #SUP: 3080
23 36 38 94 104 #SUP: 3080
23 36 38 90 94 104 #SUP: 3080
23 36 38 90 104 #SUP: 3080
23 38 94 104 #SUP: 3080
23 38 90 94 104 #SUP: 3080
23 38 90 104 #SUP: 3080
23 97 104 #SUP: 3080
23 36 97 104 #SUP: 3080
23 36 94 97 104 #SUP: 3080
23 36 90 94 97 104 #SUP: 3080
23 36 90 97 104 #SUP: 3080
23 94 97 104 #SUP: 3080
23 90 94 97 104 #SUP: 3080
23 90 97 104 #SUP: 3080
23 36 104 #SUP: 3184
23 36 94 104 #SUP: 3184
23 36 90 94 104 #SUP: 3184
23 36 90 104 #SUP: 3184
23 94 104 #SUP: 3184
23 90 94 104 #SUP: 3184
23 90 104 #SUP: 3184
1 23 #SUP: 2752
1 23 71 #SUP: 2560
1 23 67 71 #SUP: 2560
1 23 36 67 71 #SUP: 2560
1 23 36 67 71 94 #SUP: 2560
1 23 36 67 71 90 94 #SUP: 2560
1 23 36 67 71 90 #SUP: 2560
1 23 67 71 94 #SUP: 2560
1 23 67 71 90 94 #SUP: 2560
1 23 67 71 90 #SUP: 2560
1 23 36 71 #SUP: 2560
1 23 36 71 94 #SUP: 2560
1 23 36 71 90 94 #SUP: 2560
1 23 36 71 90 #SUP: 2560
1 23 71 94 #SUP: 2560
1 23 71 90 94 #SUP: 2560
1 23 71 90 #SUP: 2560
1 23 67 #SUP: 2752
1 23 41 67 #SUP: 2656
1 23 38 41 67 #SUP: 2656
1 23 36 38 41 67 #SUP: 2656
1 23 36 38 41 67 94 #SUP: 2656
1 23 36 38 41 67 90 94 #SUP: 2656
1 23 36 38 41 67 90 #SUP: 2656
1 23 38 41 67 94 #SUP: 2656
1 23 38 41 67 90 94 #SUP: 2656
1 23 38 41 67 90 #SUP: 2656
1 23 36 41 67 #SUP: 2656
1 23 36 41 67 94 #SUP: 2656
1 23 36 41 67 90 94 #SUP: 2656
1 23 36 41 67 90 #SUP: 2656
1 23 41 67 94 #SUP: 2656
1 23 41 67 90 94 #SUP: 2656
1 23 41 67 90 #SUP: 2656
1 23 38 67 #SUP: 2656
1 23 36 38 67 #SUP: 2656
1 23 36 38 67 94 #SUP: 2656
1 23 36 38 67 90 94 #SUP: 2656
1 23 36 38 67 90 #SUP: 2656
1 23 38 67 94 #SUP: 2656
1 23 38 67 90 94 #SUP: 2656
1 23 38 67 90 #SUP: 2656
1 23 67 97 #SUP: 2528
1 23 36 67 97 #SUP: 2528
1 23 36 67 94 97 #SUP: 2528
1 23 36 67 90 94 97 #SUP: 2528
1 23 36 67 90 97 #SUP: 2528
1 23 67 94 97 #SUP: 2528
1 23 67 90 94 97 #SUP: 2528
1 23 67 90 97 #SUP: 2528
1 23 36 67 #SUP: 2752
1 23 36 67 94 #SUP: 2752
1 23 36 67 90 94 #SUP: 2752
1 23 36 67 90 #SUP: 2752
1 23 67 94 #SUP: 2752
1 23 67 90 94 #SUP: 2752
1 23 67 90 #SUP: 2752
1 23 41 #SUP: 2656
1 23 38 41 #SUP: 2656
1 23 36 38 41 #SUP: 2656
1 23 36 38 41 94 #SUP: 2656
1 23 36 38 41 90 94 #SUP: 2656
1 23 36 38 41 90 #SUP: 2656
1 23 38 41 94 #SUP: 2656
1 23 38 41 90 94 #SUP: 2656
1 23 38 41 90 #SUP: 2656
1 23 36 41 #SUP: 2656
1 23 36 41 94 #SUP: 2656
1 23 36 41 90 94 #SUP: 2656
1 23 36 41 90 #SUP: 2656
1 23 41 94 #SUP: 2656
1 23 41 90 94 #SUP: 2656
1 23 41 90 #SUP: 2656
1 23 38 #SUP: 2656
1 23 36 38 #SUP: 2656
1 23 36 38 94 #SUP: 2656
1 23 36 38 90 94 #SUP: 2656
1 23 36 38 90 #SUP: 2656
1 23 38 94 #SUP: 2656
1 23 38 90 94 #SUP: 2656
1 23 38 90 #SUP: 2656
1 23 97 #SUP: 2528
1 23 36 97 #SUP: 2528
1 23 36 94 97 #SUP: 2528
1 23 36 90 94 97 #SUP: 2528
1 23 36 90 97 #SUP: 2528
1 23 94 97 #SUP: 2528
1 23 90 94 97 #SUP: 2528
1 23 90 97 #SUP: 2528
1 23 36 #SUP: 2752
1 23 36 94 #SUP: 2752
1 23 36 90 94 #SUP: 2752
1 23 36 90 #SUP: 2752
1 23 94 #SUP: 2752
1 23 90 94 #SUP: 2752
1 23 90 #SUP: 2752
23 71 #SUP: 3040
23 67 71 #SUP: 2968
23 41 67 71 #SUP: 2608
23 38 41 67 71 #SUP: 2608
23 36 38 41 67 71 #SUP: 2608
23 36 38 41 67 71 94 #SUP: 2608
23 36 38 41 67 71 90 94 #SUP: 2608
23 36 38 41 67 71 90 #SUP: 2608
23 38 41 67 71 94 #SUP: 2608
23 38 41 67 71 90 94 #SUP: 2608
23 38 41 67 71 90 #SUP: 2608
23 36 41 67 71 #SUP: 2608
23 36 41 67 71 94 #SUP: 2608
23 36 41 67 71 90 94 #SUP: 2608
23 36 41 67 71 90 #SUP: 2608
23 41 67 71 94 #SUP: 2608
23 41 67 71 90 94 #SUP: 2608
23 41 67 71 90 #SUP: 2608
23 38 67 71 #SUP: 2864
23 38 67 71 97 #SUP: 2568
23 36 38 67 71 97 #SUP: 2568
23 36 38 67 71 94 97 #SUP: 2568
23 36 38 67 71 90 94 97 #SUP: 2568
23 36 38 67 71 90 97 #SUP: 2568
23 38 67 71 94 97 #SUP: 2568
23 38 67 71 90 94 97 #SUP: 2568
23 38 67 71 90 97 #SUP: 2568
23 36 38 67 71 #SUP: 2864
23 36 38 67 71 94 #SUP: 2864
23 36 38 67 71 90 94 #SUP: 2864
23 36 38 67 71 90 #SUP: 2864
23 38 67 71 94 #SUP: 2864
23 38 67 71 90 94 #SUP: 2864
23 38 67 71 90 #SUP: 2864
23 67 71 97 #SUP: 2672
23 36 67 71 97 #SUP: 2672
23 36 67 71 94 97 #SUP: 2672
23 36 67 71 90 94 97 #SUP: 2672
23 36 67 71 90 97 #SUP: 2672
23 67 71 94 97 #SUP: 2672
23 67 71 90 94 97 #SUP: 2672
23 67 71 90 97 #SUP: 2672
23 36 67 71 #SUP: 2968
23 36 67 71 94 #SUP: 2968
23 36 67 71 90 94 #SUP: 2968
23 36 67 71 90 #SUP: 2968
23 67 71 94 #SUP: 2968
23 67 71 90 94 #SUP: 2968
23 67 71 90 #SUP: 2968
23 41 71 #SUP: 2680
23 38 41 71 #SUP: 2680
23 36 38 41 71 #SUP: 2680
23 36 38 41 71 94 #SUP: 2680
23 36 38 41 71 90 94 #SUP: 2680
23 36 38 41 71 90 #SUP: 2680
23 38 41 71 94 #SUP: 2680
23 38 41 71 90 94 #SUP: 2680
23 38 41 71 90 #SUP: 2680
23 36 41 71 #SUP: 2680
23 36 41 71 94 #SUP: 2680
23 36 41 71 90 94 #SUP: 2680
23 36 41 71 90 #SUP: 2680
23 41 71 94 #SUP: 2680
23 41 71 90 94 #SUP: 2680
23 41 71 90 #SUP: 2680
23 38 71 #SUP: 2936
23 38 71 97 #SUP: 2640
23 36 38 71 97 #SUP: 2640
23 36 38 71 94 97 #SUP: 2640
23 36 38 71 90 94 97 #SUP: 2640
23 36 38 71 90 97 #SUP: 2640
23 38 71 94 97 #SUP: 2640
23 38 71 90 94 97 #SUP: 2640
23 38 71 90 97 #SUP: 2640
23 36 38 71 #SUP: 2936
23 36 38 71 94 #SUP: 2936
23 36 38 71 90 94 #SUP: 2936
23 36 38 71 90 #SUP: 2936
23 38 71 94 #SUP: 2936
23 38 71 90 94 #SUP: 2936
23 38 71 90 #SUP: 2936
23 71 97 #SUP: 2744
23 36 71 97 #SUP: 2744
23 36 71 94 97 #SUP: 2744
23 36 71 90 94 97 #SUP: 2744
23 36 71 90 97 #SUP: 2744
23 71 94 97 #SUP: 2744
23 71 90 94 97 #SUP: 2744
23 71 90 97 #SUP: 2744
23 36 71 #SUP: 3040
23 36 71 94 #SUP: 3040
23 36 71 90 94 #SUP: 3040
23 36 71 90 #SUP: 3040
23 71 94 #SUP: 3040
23 71 90 94 #SUP: 3040
23 71 90 #SUP: 3040
23 67 #SUP: 3232
23 41 67 #SUP: 2872
23 38 41 67 #SUP: 2872
23 38 41 67 97 #SUP: 2576
23 36 38 41 67 97 #SUP: 2576
23 36 38 41 67 94 97 #SUP: 2576
23 36 38 41 67 90 94 97 #SUP: 2576
23 36 38 41 67 90 97 #SUP: 2576
23 38 41 67 94 97 #SUP: 2576
23 38 41 67 90 94 97 #SUP: 2576
23 38 41 67 90 97 #SUP: 2576
23 36 38 41 67 #SUP: 2872
23 36 38 41 67 94 #SUP: 2872
23 36 38 41 67 90 94 #SUP: 2872
23 36 38 41 67 90 #SUP: 2872
23 38 41 67 94 #SUP: 2872
23 38 41 67 90 94 #SUP: 2872
23 38 41 67 90 #SUP: 2872
23 41 67 97 #SUP: 2576
23 36 41 67 97 #SUP: 2576
23 36 41 67 94 97 #SUP: 2576
23 36 41 67 90 94 97 #SUP: 2576
23 36 41 67 90 97 #SUP: 2576
23 41 67 94 97 #SUP: 2576
23 41 67 90 94 97 #SUP: 2576
23 41 67 90 97 #SUP: 2576
23 36 41 67 #SUP: 2872
23 36 41 67 94 #SUP: 2872
23 36 41 67 90 94 #SUP: 2872
23 36 41 67 90 #SUP: 2872
23 41 67 94 #SUP: 2872
23 41 67 90 94 #SUP: 2872
23 41 67 90 #SUP: 2872
23 38 67 #SUP: 3128
23 38 67 97 #SUP: 2832
23 36 38 67 97 #SUP: 2832
23 36 38 67 94 97 #SUP: 2832
23 36 38 67 90 94 97 #SUP: 2832
23 36 38 67 90 97 #SUP: 2832
23 38 67 94 97 #SUP: 2832
23 38 67 90 94 97 #SUP: 2832
23 38 67 90 97 #SUP: 2832
23 36 38 67 #SUP: 3128
23 36 38 67 94 #SUP: 3128
23 36 38 67 90 94 #SUP: 3128
23 36 38 67 90 #SUP: 3128
23 38 67 94 #SUP: 3128
23 38 67 90 94 #SUP: 3128
23 38 67 90 #SUP: 3128
23 67 97 #SUP: 2936
23 36 67 97 #SUP: 2936
23 36 67 94 97 #SUP: 2936
23 36 67 90 94 97 #SUP: 2936
23 36 67 90 97 #SUP: 2936
23 67 94 97 #SUP: 2936
23 67 90 94 97 #SUP: 2936
23 67 90 97 #SUP: 2936
23 36 67 #SUP: 3232
23 36 67 94 #SUP: 3232
23 36 67 90 94 #SUP: 3232
23 36 67 90 #SUP: 3232
23 67 94 #SUP: 3232
23 67 90 94 #SUP: 3232
23 67 90 #SUP: 3232
23 41 #SUP: 3016
23 38 41 #SUP: 3016
23 38 41 97 #SUP: 2720
23 36 38 41 97 #SUP: 2720
23 36 38 41 94 97 #SUP: 2720
23 36 38 41 90 94 97 #SUP: 2720
23 36 38 41 90 97 #SUP: 2720
23 38 41 94 97 #SUP: 2720
23 38 41 90 94 97 #SUP: 2720
23 38 41 90 97 #SUP: 2720
23 36 38 41 #SUP: 3016
23 36 38 41 94 #SUP: 3016
23 36 38 41 90 94 #SUP: 3016
23 36 38 41 90 #SUP: 3016
23 38 41 94 #SUP: 3016
23 38 41 90 94 #SUP: 3016
23 38 41 90 #SUP: 3016
23 41 97 #SUP: 2720
23 36 41 97 #SUP: 2720
23 36 41 94 97 #SUP: 2720
23 36 41 90 94 97 #SUP: 2720
23 36 41 90 97 #SUP: 2720
23 41 94 97 #SUP: 2720
23 41 90 94 97 #SUP: 2720
23 41 90 97 #SUP: 2720
23 36 41 #SUP: 3016
23 36 41 94 #SUP: 3016
23 36 41 90 94 #SUP: 3016
23 36 41 90 #SUP: 3016
23 41 94 #SUP: 3016
23 41 90 94 #SUP: 3016
23 41 90 #SUP: 3016
23 38 #SUP: 3272
23 38 97 #SUP: 2976
23 36 38 97 #SUP: 2976
23 36 38 94 97 #SUP: 2976
23 36 38 90 94 97 #SUP: 2976
23 36 38 90 97 #SUP: 2976
23 38 94 97 #SUP: 2976
23 38 90 94 97 #SUP: 2976
23 38 90 97 #SUP: 2976
23 36 38 #SUP: 3272
23 36 38 94 #SUP: 3272
23 36 38 90 94 #SUP: 3272
23 36 38 90 #SUP: 3272
23 38 94 #SUP: 3272
23 38 90 94 #SUP: 3272
23 38 90 #SUP: 3272
23 97 #SUP: 3080
23 36 97 #SUP: 3080
23 36 94 97 #SUP: 3080
23 36 90 94 97 #SUP: 3080
23 36 90 97 #SUP: 3080
23 94 97 #SUP: 3080
23 90 94 97 #SUP: 3080
23 90 97 #SUP: 3080
23 36 #SUP: 3376
23 36 94 #SUP: 3376
23 36 90 94 #SUP: 3376
23 36 90 #SUP: 3376
23 94 #SUP: 3376
23 90 94 #SUP: 3376
23 90 #SUP: 3376
55 #SUP: 3552
41 55 #SUP: 2840
38 41 55 #SUP: 2552
38 41 55 90 #SUP: 2552
36 41 55 #SUP: 2624
36 41 55 94 #SUP: 2624
36 41 55 90 94 #SUP: 2624
36 41 55 90 #SUP: 2624
41 55 94 #SUP: 2648
41 55 90 94 #SUP: 2648
41 55 90 #SUP: 2840
38 55 #SUP: 3080
38 55 97 #SUP: 2720
36 38 55 97 #SUP: 2528
36 38 55 94 97 #SUP: 2528
36 38 55 90 94 97 #SUP: 2528
36 38 55 90 97 #SUP: 2528
38 55 94 97 #SUP: 2528
38 55 90 94 97 #SUP: 2528
38 55 90 97 #SUP: 2720
36 38 55 #SUP: 2864
36 38 55 94 #SUP: 2864
36 38 55 90 94 #SUP: 2864
36 38 55 90 #SUP: 2864
38 55 94 #SUP: 2888
38 55 90 94 #SUP: 2888
38 55 90 #SUP: 3080
55 97 #SUP: 2904
36 55 97 #SUP: 2712
36 55 94 97 #SUP: 2704
36 55 90 94 97 #SUP: 2704
36 55 90 97 #SUP: 2712
55 94 97 #SUP: 2704
55 90 94 97 #SUP: 2704
55 90 97 #SUP: 2904
36 55 #SUP: 3336
36 55 94 #SUP: 3328
36 55 90 94 #SUP: 3328
36 55 90 #SUP: 3336
55 94 #SUP: 3352
55 90 94 #SUP: 3352
55 90 #SUP: 3552
5 #SUP: 3796
5 41 #SUP: 2764
5 41 97 #SUP: 2568
5 41 90 97 #SUP: 2568
5 36 41 #SUP: 2708
5 36 41 94 #SUP: 2708
5 36 41 90 94 #SUP: 2708
5 36 41 90 #SUP: 2708
5 41 94 #SUP: 2716
5 41 90 94 #SUP: 2716
5 41 90 #SUP: 2764
5 38 #SUP: 3020
5 38 97 #SUP: 2920
5 36 38 97 #SUP: 2872
5 36 38 94 97 #SUP: 2872
5 36 38 90 94 97 #SUP: 2872
5 36 38 90 97 #SUP: 2872
5 38 94 97 #SUP: 2872
5 38 90 94 97 #SUP: 2872
5 38 90 97 #SUP: 2920
5 36 38 #SUP: 2964
5 36 38 94 #SUP: 2964
5 36 38 90 94 #SUP: 2964
5 36 38 90 #SUP: 2964
5 38 94 #SUP: 2972
5 38 90 94 #SUP: 2972
5 38 90 #SUP: 3020
5 97 #SUP: 3600
5 36 97 #SUP: 3552
5 36 94 97 #SUP: 3552
5 36 90 94 97 #SUP: 3552
5 36 90 97 #SUP: 3552
5 94 97 #SUP: 3552
5 90 94 97 #SUP: 3552
5 90 97 #SUP: 3600
5 36 #SUP: 3740
5 36 94 #SUP: 3740
5 36 90 94 #SUP: 3740
5 36 90 #SUP: 3740
5 94 #SUP: 3748
5 90 94 #SUP: 3748
5 90 #SUP: 3796
57 #SUP: 3800
41 57 #SUP: 3432
38 41 57 #SUP: 3432
38 41 57 97 #SUP: 3312
36 38 41 57 97 #SUP: 3312
36 38 41 57 94 97 #SUP: 3312
36 38 41 57 90 94 97 #SUP: 3312
36 38 41 57 90 97 #SUP: 3312
38 41 57 94 97 #SUP: 3312
38 41 57 90 94 97 #SUP: 3312
38 41 57 90 97 #SUP: 3312
36 38 41 57 #SUP: 3432
36 38 41 57 94 #SUP: 3432
36 38 41 57 90 94 #SUP: 3432
36 38 41 57 90 #SUP: 3432
38 41 57 94 #SUP: 3432
38 41 57 90 94 #SUP: 3432
38 41 57 90 #SUP: 3432
41 57 97 #SUP: 3312
36 41 57 97 #SUP: 3312
36 41 57 94 97 #SUP: 3312
36 41 57 90 94 97 #SUP: 3312
36 41 57 90 97 #SUP: 3312
41 57 94 97 #SUP: 3312
41 57 90 94 97 #SUP: 3312
41 57 90 97 #SUP: 3312
36 41 57 #SUP: 3432
36 41 57 94 #SUP: 3432
36 41 57 90 94 #SUP: 3432
36 41 57 90 #SUP: 3432
41 57 94 #SUP: 3432
41 57 90 94 #SUP: 3432
41 57 90 #SUP: 3432
38 57 #SUP: 3528
38 57 97 #SUP: 3408
36 38 57 97 #SUP: 3408
36 38 57 94 97 #SUP: 3408
36 38 57 90 94 97 #SUP: 3408
36 38 57 90 97 #SUP: 3408
38 57 94 97 #SUP: 3408
38 57 90 94 97 #SUP: 3408
38 57 90 97 #SUP: 3408
36 38 57 #SUP: 3528
36 38 57 94 #SUP: 3528
36 38 57 90 94 #SUP: 3528
36 38 57 90 #SUP: 3528
38 57 94 #SUP: 3528
38 57 90 94 #SUP: 3528
38 57 90 #SUP: 3528
57 97 #SUP: 3680
36 57 97 #SUP: 3680
36 57 94 97 #SUP: 3680
36 57 90 94 97 #SUP: 3680
36 57 90 97 #SUP: 3680
57 94 97 #SUP: 3680
57 90 94 97 #SUP: 3680
57 90 97 #SUP: 3680
36 57 #SUP: 3800
36 57 94 #SUP: 3800
36 57 90 94 #SUP: 3800
36 57 90 #SUP: 3800
57 94 #SUP: 3800
57 90 94 #SUP: 3800
57 90 #SUP: 3800
31 #SUP: 3808
1 31 #SUP: 3688
1 31 56 #SUP: 2752
1 31 41 56 #SUP: 2752
1 31 41 56 97 #SUP: 2752
1 31 36 41 56 97 #SUP: 2752
1 31 36 41 56 94 97 #SUP: 2752
1 31 36 41 56 90 94 97 #SUP: 2752
1 31 36 41 56 90 97 #SUP: 2752
1 31 41 56 94 97 #SUP: 2752
1 31 41 56 90 94 97 #SUP: 2752
1 31 41 56 90 97 #SUP: 2752
1 31 36 41 56 #SUP: 2752
1 31 36 41 56 94 #SUP: 2752
1 31 36 41 56 90 94 #SUP: 2752
1 31 36 41 56 90 #SUP: 2752
1 31 41 56 94 #SUP: 2752
1 31 41 56 90 94 #SUP: 2752
1 31 41 56 90 #SUP: 2752
1 31 56 97 #SUP: 2752
1 31 36 56 97 #SUP: 2752
1 31 36 56 94 97 #SUP: 2752
1 31 36 56 90 94 97 #SUP: 2752
1 31 36 56 90 97 #SUP: 2752
1 31 56 94 97 #SUP: 2752
1 31 56 90 94 97 #SUP: 2752
1 31 56 90 97 #SUP: 2752
1 31 36 56 #SUP: 2752
1 31 36 56 94 #SUP: 2752
1 31 36 56 90 94 #SUP: 2752
1 31 36 56 90 #SUP: 2752
1 31 56 94 #SUP: 2752
1 31 56 90 94 #SUP: 2752
1 31 56 90 #SUP: 2752
1 31 71 #SUP: 2932
1 31 67 71 #SUP: 2586
1 31 67 71 90 #SUP: 2586
1 31 41 71 #SUP: 2800
1 31 36 41 71 #SUP: 2608
1 31 36 41 71 94 #SUP: 2608
1 31 36 41 71 90 94 #SUP: 2608
1 31 36 41 71 90 #SUP: 2608
1 31 41 71 94 #SUP: 2608
1 31 41 71 90 94 #SUP: 2608
1 31 41 71 90 #SUP: 2800
1 31 71 97 #SUP: 2564
1 31 71 90 97 #SUP: 2564
1 31 36 71 #SUP: 2740
1 31 36 71 94 #SUP: 2740
1 31 36 71 90 94 #SUP: 2740
1 31 36 71 90 #SUP: 2740
1 31 71 94 #SUP: 2740
1 31 71 90 94 #SUP: 2740
1 31 71 90 #SUP: 2932
1 31 67 #SUP: 2980
1 31 41 67 #SUP: 2800
1 31 36 41 67 #SUP: 2608
1 31 36 41 67 94 #SUP: 2608
1 31 36 41 67 90 94 #SUP: 2608
1 31 36 41 67 90 #SUP: 2608
1 31 41 67 94 #SUP: 2608
1 31 41 67 90 94 #SUP: 2608
1 31 41 67 90 #SUP: 2800
1 31 67 97 #SUP: 2612
1 31 67 90 97 #SUP: 2612
1 31 36 67 #SUP: 2788
1 31 36 67 94 #SUP: 2788
1 31 36 67 90 94 #SUP: 2788
1 31 36 67 90 #SUP: 2788
1 31 67 94 #SUP: 2788
1 31 67 90 94 #SUP: 2788
1 31 67 90 #SUP: 2980
1 31 41 #SUP: 3472
1 31 41 97 #SUP: 2944
1 31 36 41 97 #SUP: 2752
1 31 36 41 94 97 #SUP: 2752
1 31 36 41 90 94 97 #SUP: 2752
1 31 36 41 90 97 #SUP: 2752
1 31 41 94 97 #SUP: 2752
1 31 41 90 94 97 #SUP: 2752
1 31 41 90 97 #SUP: 2944
1 31 36 41 #SUP: 3280
1 31 36 41 94 #SUP: 3280
1 31 36 41 90 94 #SUP: 3280
1 31 36 41 90 #SUP: 3280
1 31 41 94 #SUP: 3280
1 31 41 90 94 #SUP: 3280
1 31 41 90 #SUP: 3472
1 31 97 #SUP: 3160
1 31 36 97 #SUP: 2968
1 31 36 94 97 #SUP: 2968
1 31 36 90 94 97 #SUP: 2968
1 31 36 90 97 #SUP: 2968
1 31 94 97 #SUP: 2968
1 31 90 94 97 #SUP: 2968
1 31 90 97 #SUP: 3160
1 31 36 #SUP: 3496
1 31 36 94 #SUP: 3496
1 31 36 90 94 #SUP: 3496
1 31 36 90 #SUP: 3496
1 31 94 #SUP: 3496
1 31 90 94 #SUP: 3496
1 31 90 #SUP: 3688
31 56 #SUP: 2752
31 41 56 #SUP: 2752
31 41 56 97 #SUP: 2752
31 36 41 56 97 #SUP: 2752
31 36 41 56 94 97 #SUP: 2752
31 36 41 56 90 94 97 #SUP: 2752
31 36 41 56 90 97 #SUP: 2752
31 41 56 94 97 #SUP: 2752
31 41 56 90 94 97 #SUP: 2752
31 41 56 90 97 #SUP: 2752
31 36 41 56 #SUP: 2752
31 36 41 56 94 #SUP: 2752
31 36 41 56 90 94 #SUP: 2752
31 36 41 56 90 #SUP: 2752
31 41 56 94 #SUP: 2752
31 41 56 90 94 #SUP: 2752
31 41 56 90 #SUP: 2752
31 56 97 #SUP: 2752
31 36 56 97 #SUP: 2752
31 36 56 94 97 #SUP: 2752
31 36 56 90 94 97 #SUP: 2752
31 36 56 90 97 #SUP: 2752
31 56 94 97 #SUP: 2752
31 56 90 94 97 #SUP: 2752
31 56 90 97 #SUP: 2752
31 36 56 #SUP: 2752
31 36 56 94 #SUP: 2752
31 36 56 90 94 #SUP: 2752
31 36 56 90 #SUP: 2752
31 56 94 #SUP: 2752
31 56 90 94 #SUP: 2752
31 56 90 #SUP: 2752
31 71 #SUP: 3012
31 67 71 #SUP: 2666
31 41 67 71 #SUP: 2544
31 41 67 71 90 #SUP: 2544
31 67 71 90 #SUP: 2666
31 41 71 #SUP: 2872
31 36 41 71 #SUP: 2680
31 36 41 71 94 #SUP: 2680
31 36 41 71 90 94 #SUP: 2680
31 36 41 71 90 #SUP: 2680
31 41 71 94 #SUP: 2680
31 41 71 90 94 #SUP: 2680
31 41 71 90 #SUP: 2872
31 71 97 #SUP: 2572
31 71 90 97 #SUP: 2572
31 36 71 #SUP: 2820
31 36 71 94 #SUP: 2820
31 36 71 90 94 #SUP: 2820
31 36 71 90 #SUP: 2820
31 71 94 #SUP: 2820
31 71 90 94 #SUP: 2820
31 71 90 #SUP: 3012
31 67 #SUP: 3060
31 41 67 #SUP: 2872
31 36 41 67 #SUP: 2680
31 36 41 67 94 #SUP: 2680
31 36 41 67 90 94 #SUP: 2680
31 36 41 67 90 #SUP: 2680
31 41 67 94 #SUP: 2680
31 41 67 90 94 #SUP: 2680
31 41 67 90 #SUP: 2872
31 67 97 #SUP: 2620
31 67 90 97 #SUP: 2620
31 36 67 #SUP: 2868
31 36 67 94 #SUP: 2868
31 36 67 90 94 #SUP: 2868
31 36 67 90 #SUP: 2868
31 67 94 #SUP: 2868
31 67 90 94 #SUP: 2868
31 67 90 #SUP: 3060
31 41 #SUP: 3544
31 41 97 #SUP: 2944
31 36 41 97 #SUP: 2752
31 36 41 94 97 #SUP: 2752
31 36 41 90 94 97 #SUP: 2752
31 36 41 90 97 #SUP: 2752
31 41 94 97 #SUP: 2752
31 41 90 94 97 #SUP: 2752
31 41 90 97 #SUP: 2944
31 36 41 #SUP: 3352
31 36 41 94 #SUP: 3352
31 36 41 90 94 #SUP: 3352
31 36 41 90 #SUP: 3352
31 41 94 #SUP: 3352
31 41 90 94 #SUP: 3352
31 41 90 #SUP: 3544
31 97 #SUP: 3208
31 36 97 #SUP: 3016
31 36 94 97 #SUP: 3008
31 36 90 94 97 #SUP: 3008
31 36 90 97 #SUP: 3016
31 94 97 #SUP: 3008
31 90 94 97 #SUP: 3008
31 90 97 #SUP: 3208
31 36 #SUP: 3616
31 36 94 #SUP: 3608
31 36 90 94 #SUP: 3608
31 36 90 #SUP: 3616
31 94 #SUP: 3608
31 90 94 #SUP: 3608
31 90 #SUP: 3808
2 #SUP: 3928
2 120 #SUP: 2848
2 38 120 #SUP: 2800
2 38 97 120 #SUP: 2728
2 36 38 97 120 #SUP: 2728
2 36 38 94 97 120 #SUP: 2728
2 36 38 90 94 97 120 #SUP: 2728
2 36 38 90 97 120 #SUP: 2728
2 38 94 97 120 #SUP: 2728
2 38 90 94 97 120 #SUP: 2728
2 38 90 97 120 #SUP: 2728
2 36 38 120 #SUP: 2800
2 36 38 94 120 #SUP: 2800
2 36 38 90 94 120 #SUP: 2800
2 36 38 90 120 #SUP: 2800
2 38 94 120 #SUP: 2800
2 38 90 94 120 #SUP: 2800
2 38 90 120 #SUP: 2800
2 97 120 #SUP: 2776
2 36 97 120 #SUP: 2776
2 36 94 97 120 #SUP: 2776
2 36 90 94 97 120 #SUP: 2776
2 36 90 97 120 #SUP: 2776
2 94 97 120 #SUP: 2776
2 90 94 97 120 #SUP: 2776
2 90 97 120 #SUP: 2776
2 36 120 #SUP: 2848
2 36 94 120 #SUP: 2848
2 36 90 94 120 #SUP: 2848
2 36 90 120 #SUP: 2848
2 94 120 #SUP: 2848
2 90 94 120 #SUP: 2848
2 90 120 #SUP: 2848
2 24 #SUP: 3304
2 24 38 #SUP: 3200
2 24 38 97 #SUP: 3152
2 24 36 38 97 #SUP: 3152
2 24 36 38 94 97 #SUP: 3152
2 24 36 38 90 94 97 #SUP: 3152
2 24 36 38 90 97 #SUP: 3152
2 24 38 94 97 #SUP: 3152
2 24 38 90 94 97 #SUP: 3152
2 24 38 90 97 #SUP: 3152
2 24 36 38 #SUP: 3176
2 24 36 38 94 #SUP: 3176
2 24 36 38 90 94 #SUP: 3176
2 24 36 38 90 #SUP: 3176
2 24 38 94 #SUP: 3200
2 24 38 90 94 #SUP: 3200
2 24 38 90 #SUP: 3200
2 24 97 #SUP: 3256
2 24 36 97 #SUP: 3256
2 24 36 94 97 #SUP: 3248
2 24 36 90 94 97 #SUP: 3248
2 24 36 90 97 #SUP: 3256
2 24 94 97 #SUP: 3248
2 24 90 94 97 #SUP: 3248
2 24 90 97 #SUP: 3256
2 24 36 #SUP: 3280
2 24 36 94 #SUP: 3272
2 24 36 90 94 #SUP: 3272
2 24 36 90 #SUP: 3280
2 24 94 #SUP: 3296
2 24 90 94 #SUP: 3296
2 24 90 #SUP: 3304
2 38 #SUP: 3816
2 38 97 #SUP: 3696
2 36 38 97 #SUP: 3696
2 36 38 94 97 #SUP: 3696
2 36 38 90 94 97 #SUP: 3696
2 36 38 90 97 #SUP: 3696
2 38 94 97 #SUP: 3696
2 38 90 94 97 #SUP: 3696
2 38 90 97 #SUP: 3696
2 36 38 #SUP: 3792
2 36 38 94 #SUP: 3792
2 36 38 90 94 #SUP: 3792
2 36 38 90 #SUP: 3792
2 38 94 #SUP: 3816
2 38 90 94 #SUP: 3816
2 38 90 #SUP: 3816
2 97 #SUP: 3808
2 36 97 #SUP: 3808
2 36 94 97 #SUP: 3800
2 36 90 94 97 #SUP: 3800
2 36 90 97 #SUP: 3808
2 94 97 #SUP: 3800
2 90 94 97 #SUP: 3800
2 90 97 #SUP: 3808
2 36 #SUP: 3904
2 36 94 #SUP: 3896
2 36 90 94 #SUP: 3896
2 36 90 #SUP: 3904
2 94 #SUP: 3920
2 90 94 #SUP: 3920
2 90 #SUP: 3928
104 #SUP: 3968
1 104 #SUP: 3152
1 71 104 #SUP: 2800
1 67 71 104 #SUP: 2728
1 41 67 71 104 #SUP: 2536
1 41 67 71 90 104 #SUP: 2536
1 38 67 71 104 #SUP: 2560
1 38 67 71 97 104 #SUP: 2528
1 38 67 71 90 97 104 #SUP: 2528
1 38 67 71 90 104 #SUP: 2560
1 67 71 97 104 #SUP: 2624
1 67 71 90 97 104 #SUP: 2624
1 36 67 71 104 #SUP: 2536
1 36 67 71 94 104 #SUP: 2536
1 36 67 71 90 94 104 #SUP: 2536
1 36 67 71 90 104 #SUP: 2536
1 67 71 94 104 #SUP: 2536
1 67 71 90 94 104 #SUP: 2536
1 67 71 90 104 #SUP: 2728
1 41 71 104 #SUP: 2608
1 41 71 90 104 #SUP: 2608
1 38 71 104 #SUP: 2560
1 38 71 97 104 #SUP: 2528
1 38 71 90 97 104 #SUP: 2528
1 38 71 90 104 #SUP: 2560
1 71 97 104 #SUP: 2624
1 71 90 97 104 #SUP: 2624
1 36 71 104 #SUP: 2608
1 36 71 94 104 #SUP: 2608
1 36 71 90 94 104 #SUP: 2608
1 36 71 90 104 #SUP: 2608
1 71 94 104 #SUP: 2608
1 71 90 94 104 #SUP: 2608
1 71 90 104 #SUP: 2800
1 67 104 #SUP: 2992
1 41 67 104 #SUP: 2800
1 38 41 67 104 #SUP: 2656
1 38 41 67 97 104 #SUP: 2624
1 38 41 67 90 97 104 #SUP: 2624
1 38 41 67 90 104 #SUP: 2656
1 41 67 97 104 #SUP: 2624
1 41 67 90 97 104 #SUP: 2624
1 36 41 67 104 #SUP: 2608
1 36 41 67 94 104 #SUP: 2608
1 36 41 67 90 94 104 #SUP: 2608
1 36 41 67 90 104 #SUP: 2608
1 41 67 94 104 #SUP: 2608
1 41 67 90 94 104 #SUP: 2608
1 41 67 90 104 #SUP: 2800
1 38 67 104 #SUP: 2752
1 38 67 97 104 #SUP: 2720
1 36 38 67 97 104 #SUP: 2528
1 36 38 67 94 97 104 #SUP: 2528
1 36 38 67 90 94 97 104 #SUP: 2528
1 36 38 67 90 97 104 #SUP: 2528
1 38 67 94 97 104 #SUP: 2528
1 38 67 90 94 97 104 #SUP: 2528
1 38 67 90 97 104 #SUP: 2720
1 36 38 67 104 #SUP: 2560
1 36 38 67 94 104 #SUP: 2560
1 36 38 67 90 94 104 #SUP: 2560
1 36 38 67 90 104 #SUP: 2560
1 38 67 94 104 #SUP: 2560
1 38 67 90 94 104 #SUP: 2560
1 38 67 90 104 #SUP: 2752
1 67 97 104 #SUP: 2816
1 36 67 97 104 #SUP: 2624
1 36 67 94 97 104 #SUP: 2624
1 36 67 90 94 97 104 #SUP: 2624
1 36 67 90 97 104 #SUP: 2624
1 67 94 97 104 #SUP: 2624
1 67 90 94 97 104 #SUP: 2624
1 67 90 97 104 #SUP: 2816
1 36 67 104 #SUP: 2800
1 36 67 94 104 #SUP: 2800
1 36 67 90 94 104 #SUP: 2800
1 36 67 90 104 #SUP: 2800
1 67 94 104 #SUP: 2800
1 67 90 94 104 #SUP: 2800
1 67 90 104 #SUP: 2992
1 41 104 #SUP: 2960
1 38 41 104 #SUP: 2672
1 38 41 97 104 #SUP: 2624
1 38 41 90 97 104 #SUP: 2624
1 38 41 90 104 #SUP: 2672
1 41 97 104 #SUP: 2624
1 41 90 97 104 #SUP: 2624
1 36 41 104 #SUP: 2768
1 36 41 94 104 #SUP: 2768
1 36 41 90 94 104 #SUP: 2768
1 36 41 90 104 #SUP: 2768
1 41 94 104 #SUP: 2768
1 41 90 94 104 #SUP: 2768
1 41 90 104 #SUP: 2960
1 38 104 #SUP: 2768
1 38 97 104 #SUP: 2720
1 36 38 97 104 #SUP: 2528
1 36 38 94 97 104 #SUP: 2528
1 36 38 90 94 97 104 #SUP: 2528
1 36 38 90 97 104 #SUP: 2528
1 38 94 97 104 #SUP: 2528
1 38 90 94 97 104 #SUP: 2528
1 38 90 97 104 #SUP: 2720
1 36 38 104 #SUP: 2576
1 36 38 94 104 #SUP: 2576
1 36 38 90 94 104 #SUP: 2576
1 36 38 90 104 #SUP: 2576
1 38 94 104 #SUP: 2576
1 38 90 94 104 #SUP: 2576
1 38 90 104 #SUP: 2768
1 97 104 #SUP: 2816
1 36 97 104 #SUP: 2624
1 36 94 97 104 #SUP: 2624
1 36 90 94 97 104 #SUP: 2624
1 36 90 97 104 #SUP: 2624
1 94 97 104 #SUP: 2624
1 90 94 97 104 #SUP: 2624
1 90 97 104 #SUP: 2816
1 36 104 #SUP: 2960
1 36 94 104 #SUP: 2960
1 36 90 94 104 #SUP: 2960
1 36 90 104 #SUP: 2960
1 94 104 #SUP: 2960
1 90 94 104 #SUP: 2960
1 90 104 #SUP: 3152
88 104 #SUP: 2608
36 88 104 #SUP: 2608
36 88 94 104 #SUP: 2608
36 88 90 94 104 #SUP: 2608
36 88 90 104 #SUP: 2608
88 94 104 #SUP: 2608
88 90 94 104 #SUP: 2608
88 90 104 #SUP: 2608
79 104 #SUP: 2608
36 79 104 #SUP: 2608
36 79 94 104 #SUP: 2608
36 79 90 94 104 #SUP: 2608
36 79 90 104 #SUP: 2608
79 94 104 #SUP: 2608
79 90 94 104 #SUP: 2608
79 90 104 #SUP: 2608
71 104 #SUP: 3472
67 71 104 #SUP: 3328
41 67 71 104 #SUP: 2680
38 41 67 71 104 #SUP: 2608
38 41 67 71 90 104 #SUP: 2608
41 67 71 90 104 #SUP: 2680
38 67 71 104 #SUP: 3056
38 67 71 97 104 #SUP: 2952
36 38 67 71 97 104 #SUP: 2760
36 38 67 71 94 97 104 #SUP: 2760
36 38 67 71 90 94 97 104 #SUP: 2760
36 38 67 71 90 97 104 #SUP: 2760
38 67 71 94 97 104 #SUP: 2760
38 67 71 90 94 97 104 #SUP: 2760
38 67 71 90 97 104 #SUP: 2952
36 38 67 71 104 #SUP: 2864
36 38 67 71 94 104 #SUP: 2864
36 38 67 71 90 94 104 #SUP: 2864
36 38 67 71 90 104 #SUP: 2864
38 67 71 94 104 #SUP: 2864
38 67 71 90 94 104 #SUP: 2864
38 67 71 90 104 #SUP: 3056
67 71 97 104 #SUP: 3152
36 67 71 97 104 #SUP: 2960
36 67 71 94 97 104 #SUP: 2960
36 67 71 90 94 97 104 #SUP: 2960
36 67 71 90 97 104 #SUP: 2960
67 71 94 97 104 #SUP: 2960
67 71 90 94 97 104 #SUP: 2960
67 71 90 97 104 #SUP: 3152
36 67 71 104 #SUP: 3136
36 67 71 94 104 #SUP: 3136
36 67 71 90 94 104 #SUP: 3136
36 67 71 90 104 #SUP: 3136
67 71 94 104 #SUP: 3136
67 71 90 94 104 #SUP: 3136
67 71 90 104 #SUP: 3328
41 71 104 #SUP: 2824
38 41 71 104 #SUP: 2680
38 41 71 97 104 #SUP: 2576
38 41 71 90 97 104 #SUP: 2576
38 41 71 90 104 #SUP: 2680
41 71 97 104 #SUP: 2576
41 71 90 97 104 #SUP: 2576
36 41 71 104 #SUP: 2632
36 41 71 94 104 #SUP: 2632
36 41 71 90 94 104 #SUP: 2632
36 41 71 90 104 #SUP: 2632
41 71 94 104 #SUP: 2632
41 71 90 94 104 #SUP: 2632
41 71 90 104 #SUP: 2824
38 71 104 #SUP: 3128
38 71 97 104 #SUP: 3024
36 38 71 97 104 #SUP: 2832
36 38 71 94 97 104 #SUP: 2832
36 38 71 90 94 97 104 #SUP: 2832
36 38 71 90 97 104 #SUP: 2832
38 71 94 97 104 #SUP: 2832
38 71 90 94 97 104 #SUP: 2832
38 71 90 97 104 #SUP: 3024
36 38 71 104 #SUP: 2936
36 38 71 94 104 #SUP: 2936
36 38 71 90 94 104 #SUP: 2936
36 38 71 90 104 #SUP: 2936
38 71 94 104 #SUP: 2936
38 71 90 94 104 #SUP: 2936
38 71 90 104 #SUP: 3128
71 97 104 #SUP: 3224
36 71 97 104 #SUP: 3032
36 71 94 97 104 #SUP: 3032
36 71 90 94 97 104 #SUP: 3032
36 71 90 97 104 #SUP: 3032
71 94 97 104 #SUP: 3032
71 90 94 97 104 #SUP: 3032
71 90 97 104 #SUP: 3224
36 71 104 #SUP: 3280
36 71 94 104 #SUP: 3280
36 71 90 94 104 #SUP: 3280
36 71 90 104 #SUP: 3280
71 94 104 #SUP: 3280
71 90 94 104 #SUP: 3280
71 90 104 #SUP: 3472
67 104 #SUP: 3664
41 67 104 #SUP: 3016
38 41 67 104 #SUP: 2872
38 41 67 97 104 #SUP: 2768
36 38 41 67 97 104 #SUP: 2576
36 38 41 67 94 97 104 #SUP: 2576
36 38 41 67 90 94 97 104 #SUP: 2576
36 38 41 67 90 97 104 #SUP: 2576
38 41 67 94 97 104 #SUP: 2576
38 41 67 90 94 97 104 #SUP: 2576
38 41 67 90 97 104 #SUP: 2768
36 38 41 67 104 #SUP: 2680
36 38 41 67 94 104 #SUP: 2680
36 38 41 67 90 94 104 #SUP: 2680
36 38 41 67 90 104 #SUP: 2680
38 41 67 94 104 #SUP: 2680
38 41 67 90 94 104 #SUP: 2680
38 41 67 90 104 #SUP: 2872
41 67 97 104 #SUP: 2768
36 41 67 97 104 #SUP: 2576
36 41 67 94 97 104 #SUP: 2576
36 41 67 90 94 97 104 #SUP: 2576
36 41 67 90 97 104 #SUP: 2576
41 67 94 97 104 #SUP: 2576
41 67 90 94 97 104 #SUP: 2576
41 67 90 97 104 #SUP: 2768
36 41 67 104 #SUP: 2824
36 41 67 94 104 #SUP: 2824
36 41 67 90 94 104 #SUP: 2824
36 41 67 90 104 #SUP: 2824
41 67 94 104 #SUP: 2824
41 67 90 94 104 #SUP: 2824
41 67 90 104 #SUP: 3016
38 67 104 #SUP: 3320
38 67 97 104 #SUP: 3216
36 38 67 97 104 #SUP: 3024
36 38 67 94 97 104 #SUP: 3024
36 38 67 90 94 97 104 #SUP: 3024
36 38 67 90 97 104 #SUP: 3024
38 67 94 97 104 #SUP: 3024
38 67 90 94 97 104 #SUP: 3024
38 67 90 97 104 #SUP: 3216
36 38 67 104 #SUP: 3128
36 38 67 94 104 #SUP: 3128
36 38 67 90 94 104 #SUP: 3128
36 38 67 90 104 #SUP: 3128
38 67 94 104 #SUP: 3128
38 67 90 94 104 #SUP: 3128
38 67 90 104 #SUP: 3320
67 97 104 #SUP: 3416
36 67 97 104 #SUP: 3224
36 67 94 97 104 #SUP: 3224
36 67 90 94 97 104 #SUP: 3224
36 67 90 97 104 #SUP: 3224
67 94 97 104 #SUP: 3224
67 90 94 97 104 #SUP: 3224
67 90 97 104 #SUP: 3416
36 67 104 #SUP: 3472
36 67 94 104 #SUP: 3472
36 67 90 94 104 #SUP: 3472
36 67 90 104 #SUP: 3472
67 94 104 #SUP: 3472
67 90 94 104 #SUP: 3472
67 90 104 #SUP: 3664
41 104 #SUP: 3320
38 41 104 #SUP: 3032
38 41 97 104 #SUP: 2912
36 38 41 97 104 #SUP: 2720
36 38 41 94 97 104 #SUP: 2720
36 38 41 90 94 97 104 #SUP: 2720
36 38 41 90 97 104 #SUP: 2720
38 41 94 97 104 #SUP: 2720
38 41 90 94 97 104 #SUP: 2720
38 41 90 97 104 #SUP: 2912
36 38 41 104 #SUP: 2840
36 38 41 94 104 #SUP: 2840
36 38 41 90 94 104 #SUP: 2840
36 38 41 90 104 #SUP: 2840
38 41 94 104 #SUP: 2840
38 41 90 94 104 #SUP: 2840
38 41 90 104 #SUP: 3032
41 97 104 #SUP: 2912
36 41 97 104 #SUP: 2720
36 41 94 97 104 #SUP: 2720
36 41 90 94 97 104 #SUP: 2720
36 41 90 97 104 #SUP: 2720
41 94 97 104 #SUP: 2720
41 90 94 97 104 #SUP: 2720
41 90 97 104 #SUP: 2912
36 41 104 #SUP: 3128
36 41 94 104 #SUP: 3128
36 41 90 94 104 #SUP: 3128
36 41 90 104 #SUP: 3128
41 94 104 #SUP: 3128
41 90 94 104 #SUP: 3128
41 90 104 #SUP: 3320
38 104 #SUP: 3480
38 97 104 #SUP: 3360
36 38 97 104 #SUP: 3168
36 38 94 97 104 #SUP: 3168
36 38 90 94 97 104 #SUP: 3168
36 38 90 97 104 #SUP: 3168
38 94 97 104 #SUP: 3168
38 90 94 97 104 #SUP: 3168
38 90 97 104 #SUP: 3360
36 38 104 #SUP: 3288
36 38 94 104 #SUP: 3288
36 38 90 94 104 #SUP: 3288
36 38 90 104 #SUP: 3288
38 94 104 #SUP: 3288
38 90 94 104 #SUP: 3288
38 90 104 #SUP: 3480
97 104 #SUP: 3560
36 97 104 #SUP: 3368
36 94 97 104 #SUP: 3368
36 90 94 97 104 #SUP: 3368
36 90 97 104 #SUP: 3368
94 97 104 #SUP: 3368
90 94 97 104 #SUP: 3368
90 97 104 #SUP: 3560
36 104 #SUP: 3776
36 94 104 #SUP: 3776
36 90 94 104 #SUP: 3776
36 90 104 #SUP: 3776
94 104 #SUP: 3776
90 94 104 #SUP: 3776
90 104 #SUP: 3968
120 #SUP: 4064
56 120 #SUP: 2832
38 56 120 #SUP: 2736
38 56 97 120 #SUP: 2736
36 38 56 97 120 #SUP: 2736
36 38 56 94 97 120 #SUP: 2736
36 38 56 90 94 97 120 #SUP: 2736
36 38 56 90 97 120 #SUP: 2736
38 56 94 97 120 #SUP: 2736
38 56 90 94 97 120 #SUP: 2736
38 56 90 97 120 #SUP: 2736
36 38 56 120 #SUP: 2736
36 38 56 94 120 #SUP: 2736
36 38 56 90 94 120 #SUP: 2736
36 38 56 90 120 #SUP: 2736
38 56 94 120 #SUP: 2736
38 56 90 94 120 #SUP: 2736
38 56 90 120 #SUP: 2736
56 97 120 #SUP: 2832
36 56 97 120 #SUP: 2832
36 56 94 97 120 #SUP: 2832
36 56 90 94 97 120 #SUP: 2832
36 56 90 97 120 #SUP: 2832
56 94 97 120 #SUP: 2832
56 90 94 97 120 #SUP: 2832
56 90 97 120 #SUP: 2832
36 56 120 #SUP: 2832
36 56 94 120 #SUP: 2832
36 56 90 94 120 #SUP: 2832
36 56 90 120 #SUP: 2832
56 94 120 #SUP: 2832
56 90 94 120 #SUP: 2832
56 90 120 #SUP: 2832
24 120 #SUP: 2744
24 38 120 #SUP: 2624
24 38 97 120 #SUP: 2624
24 36 38 97 120 #SUP: 2528
24 36 38 94 97 120 #SUP: 2528
24 36 38 90 94 97 120 #SUP: 2528
24 36 38 90 97 120 #SUP: 2528
24 38 94 97 120 #SUP: 2528
24 38 90 94 97 120 #SUP: 2528
24 38 90 97 120 #SUP: 2624
24 36 38 120 #SUP: 2528
24 36 38 94 120 #SUP: 2528
24 36 38 90 94 120 #SUP: 2528
24 36 38 90 120 #SUP: 2528
24 38 94 120 #SUP: 2528
24 38 90 94 120 #SUP: 2528
24 38 90 120 #SUP: 2624
24 97 120 #SUP: 2744
24 36 97 120 #SUP: 2648
24 36 94 97 120 #SUP: 2648
24 36 90 94 97 120 #SUP: 2648
24 36 90 97 120 #SUP: 2648
24 94 97 120 #SUP: 2648
24 90 94 97 120 #SUP: 2648
24 90 97 120 #SUP: 2744
24 36 120 #SUP: 2648
24 36 94 120 #SUP: 2648
24 36 90 94 120 #SUP: 2648
24 36 90 120 #SUP: 2648
24 94 120 #SUP: 2648
24 90 94 120 #SUP: 2648
24 90 120 #SUP: 2744
38 120 #SUP: 3848
38 97 120 #SUP: 3760
36 38 97 120 #SUP: 3664
36 38 94 97 120 #SUP: 3664
36 38 90 94 97 120 #SUP: 3664
36 38 90 97 120 #SUP: 3664
38 94 97 120 #SUP: 3664
38 90 94 97 120 #SUP: 3664
38 90 97 120 #SUP: 3760
36 38 120 #SUP: 3752
36 38 94 120 #SUP: 3752
36 38 90 94 120 #SUP: 3752
36 38 90 120 #SUP: 3752
38 94 120 #SUP: 3752
38 90 94 120 #SUP: 3752
38 90 120 #SUP: 3848
97 120 #SUP: 3976
36 97 120 #SUP: 3880
36 94 97 120 #SUP: 3880
36 90 94 97 120 #SUP: 3880
36 90 97 120 #SUP: 3880
94 97 120 #SUP: 3880
90 94 97 120 #SUP: 3880
90 97 120 #SUP: 3976
36 120 #SUP: 3968
36 94 120 #SUP: 3968
36 90 94 120 #SUP: 3968
36 90 120 #SUP: 3968
94 120 #SUP: 3968
90 94 120 #SUP: 3968
90 120 #SUP: 4064
1 #SUP: 4488
1 88 #SUP: 2960
1 79 88 #SUP: 2528
1 36 79 88 #SUP: 2528
1 36 79 88 94 #SUP: 2528
1 36 79 88 90 94 #SUP: 2528
1 36 79 88 90 #SUP: 2528
1 79 88 94 #SUP: 2528
1 79 88 90 94 #SUP: 2528
1 79 88 90 #SUP: 2528
1 41 88 #SUP: 2720
1 36 41 88 #SUP: 2720
1 36 41 88 94 #SUP: 2720
1 36 41 88 90 94 #SUP: 2720
1 36 41 88 90 #SUP: 2720
1 41 88 94 #SUP: 2720
1 41 88 90 94 #SUP: 2720
1 41 88 90 #SUP: 2720
1 88 97 #SUP: 2544
1 36 88 97 #SUP: 2544
1 36 88 94 97 #SUP: 2544
1 36 88 90 94 97 #SUP: 2544
1 36 88 90 97 #SUP: 2544
1 88 94 97 #SUP: 2544
1 88 90 94 97 #SUP: 2544
1 88 90 97 #SUP: 2544
1 36 88 #SUP: 2960
1 36 88 94 #SUP: 2960
1 36 88 90 94 #SUP: 2960
1 36 88 90 #SUP: 2960
1 88 94 #SUP: 2960
1 88 90 94 #SUP: 2960
1 88 90 #SUP: 2960
1 79 #SUP: 3032
1 41 79 #SUP: 2720
1 36 41 79 #SUP: 2720
1 36 41 79 94 #SUP: 2720
1 36 41 79 90 94 #SUP: 2720
1 36 41 79 90 #SUP: 2720
1 41 79 94 #SUP: 2720
1 41 79 90 94 #SUP: 2720
1 41 79 90 #SUP: 2720
1 79 97 #SUP: 2616
1 36 79 97 #SUP: 2616
1 36 79 94 97 #SUP: 2616
1 36 79 90 94 97 #SUP: 2616
1 36 79 90 97 #SUP: 2616
1 79 94 97 #SUP: 2616
1 79 90 94 97 #SUP: 2616
1 79 90 97 #SUP: 2616
1 36 79 #SUP: 3032
1 36 79 94 #SUP: 3032
1 36 79 90 94 #SUP: 3032
1 36 79 90 #SUP: 3032
1 79 94 #SUP: 3032
1 79 90 94 #SUP: 3032
1 79 90 #SUP: 3032
1 56 #SUP: 2848
1 41 56 #SUP: 2752
1 41 56 97 #SUP: 2752
1 36 41 56 97 #SUP: 2752
1 36 41 56 94 97 #SUP: 2752
1 36 41 56 90 94 97 #SUP: 2752
1 36 41 56 90 97 #SUP: 2752
1 41 56 94 97 #SUP: 2752
1 41 56 90 94 97 #SUP: 2752
1 41 56 90 97 #SUP: 2752
1 36 41 56 #SUP: 2752
1 36 41 56 94 #SUP: 2752
1 36 41 56 90 94 #SUP: 2752
1 36 41 56 90 #SUP: 2752
1 41 56 94 #SUP: 2752
1 41 56 90 94 #SUP: 2752
1 41 56 90 #SUP: 2752
1 56 97 #SUP: 2848
1 36 56 97 #SUP: 2848
1 36 56 94 97 #SUP: 2848
1 36 56 90 94 97 #SUP: 2848
1 36 56 90 97 #SUP: 2848
1 56 94 97 #SUP: 2848
1 56 90 94 97 #SUP: 2848
1 56 90 97 #SUP: 2848
1 36 56 #SUP: 2848
1 36 56 94 #SUP: 2848
1 36 56 90 94 #SUP: 2848
1 36 56 90 #SUP: 2848
1 56 94 #SUP: 2848
1 56 90 94 #SUP: 2848
1 56 90 #SUP: 2848
1 71 #SUP: 3540
1 67 71 #SUP: 3194
1 41 67 71 #SUP: 2984
1 38 41 67 71 #SUP: 2656
1 38 41 67 71 90 #SUP: 2656
1 41 67 71 97 #SUP: 2688
1 41 67 71 90 97 #SUP: 2688
1 36 41 67 71 #SUP: 2792
1 36 41 67 71 94 #SUP: 2792
1 36 41 67 71 90 94 #SUP: 2792
1 36 41 67 71 90 #SUP: 2792
1 41 67 71 94 #SUP: 2792
1 41 67 71 90 94 #SUP: 2792
1 41 67 71 90 #SUP: 2984
1 38 67 71 #SUP: 2752
1 38 67 71 97 #SUP: 2528
1 38 67 71 90 97 #SUP: 2528
1 36 38 67 71 #SUP: 2560
1 36 38 67 71 94 #SUP: 2560
1 36 38 67 71 90 94 #SUP: 2560
1 36 38 67 71 90 #SUP: 2560
1 38 67 71 94 #SUP: 2560
1 38 67 71 90 94 #SUP: 2560
1 38 67 71 90 #SUP: 2752
1 67 71 97 #SUP: 2898
1 36 67 71 97 #SUP: 2706
1 36 67 71 94 97 #SUP: 2706
1 36 67 71 90 94 97 #SUP: 2706
1 36 67 71 90 97 #SUP: 2706
1 67 71 94 97 #SUP: 2706
1 67 71 90 94 97 #SUP: 2706
1 67 71 90 97 #SUP: 2898
1 36 67 71 #SUP: 3002
1 36 67 71 94 #SUP: 3002
1 36 67 71 90 94 #SUP: 3002
1 36 67 71 90 #SUP: 3002
1 67 71 94 #SUP: 3002
1 67 71 90 94 #SUP: 3002
1 67 71 90 #SUP: 3194
1 41 71 #SUP: 3312
1 38 41 71 #SUP: 2656
1 38 41 71 90 #SUP: 2656
1 41 71 97 #SUP: 2944
1 36 41 71 97 #SUP: 2752
1 36 41 71 94 97 #SUP: 2752
1 36 41 71 90 94 97 #SUP: 2752
1 36 41 71 90 97 #SUP: 2752
1 41 71 94 97 #SUP: 2752
1 41 71 90 94 97 #SUP: 2752
1 41 71 90 97 #SUP: 2944
1 36 41 71 #SUP: 3120
1 36 41 71 94 #SUP: 3120
1 36 41 71 90 94 #SUP: 3120
1 36 41 71 90 #SUP: 3120
1 41 71 94 #SUP: 3120
1 41 71 90 94 #SUP: 3120
1 41 71 90 #SUP: 3312
1 38 71 #SUP: 2752
1 38 71 97 #SUP: 2528
1 38 71 90 97 #SUP: 2528
1 36 38 71 #SUP: 2560
1 36 38 71 94 #SUP: 2560
1 36 38 71 90 94 #SUP: 2560
1 36 38 71 90 #SUP: 2560
1 38 71 94 #SUP: 2560
1 38 71 90 94 #SUP: 2560
1 38 71 90 #SUP: 2752
1 71 97 #SUP: 3172
1 36 71 97 #SUP: 2980
1 36 71 94 97 #SUP: 2980
1 36 71 90 94 97 #SUP: 2980
1 36 71 90 97 #SUP: 2980
1 71 94 97 #SUP: 2980
1 71 90 94 97 #SUP: 2980
1 71 90 97 #SUP: 3172
1 36 71 #SUP: 3348
1 36 71 94 #SUP: 3348
1 36 71 90 94 #SUP: 3348
1 36 71 90 #SUP: 3348
1 71 94 #SUP: 3348
1 71 90 94 #SUP: 3348
1 71 90 #SUP: 3540
1 67 #SUP: 3780
1 41 67 #SUP: 3504
1 38 41 67 #SUP: 2848
1 38 41 67 97 #SUP: 2624
1 38 41 67 90 97 #SUP: 2624
1 36 38 41 67 #SUP: 2656
1 36 38 41 67 94 #SUP: 2656
1 36 38 41 67 90 94 #SUP: 2656
1 36 38 41 67 90 #SUP: 2656
1 38 41 67 94 #SUP: 2656
1 38 41 67 90 94 #SUP: 2656
1 38 41 67 90 #SUP: 2848
1 41 67 97 #SUP: 3136
1 36 41 67 97 #SUP: 2944
1 36 41 67 94 97 #SUP: 2944
1 36 41 67 90 94 97 #SUP: 2944
1 36 41 67 90 97 #SUP: 2944
1 41 67 94 97 #SUP: 2944
1 41 67 90 94 97 #SUP: 2944
1 41 67 90 97 #SUP: 3136
1 36 41 67 #SUP: 3312
1 36 41 67 94 #SUP: 3312
1 36 41 67 90 94 #SUP: 3312
1 36 41 67 90 #SUP: 3312
1 41 67 94 #SUP: 3312
1 41 67 90 94 #SUP: 3312
1 41 67 90 #SUP: 3504
1 38 67 #SUP: 2992
1 38 67 97 #SUP: 2768
1 36 38 67 97 #SUP: 2576
1 36 38 67 94 97 #SUP: 2576
1 36 38 67 90 94 97 #SUP: 2576
1 36 38 67 90 97 #SUP: 2576
1 38 67 94 97 #SUP: 2576
1 38 67 90 94 97 #SUP: 2576
1 38 67 90 97 #SUP: 2768
1 36 38 67 #SUP: 2800
1 36 38 67 94 #SUP: 2800
1 36 38 67 90 94 #SUP: 2800
1 36 38 67 90 #SUP: 2800
1 38 67 94 #SUP: 2800
1 38 67 90 94 #SUP: 2800
1 38 67 90 #SUP: 2992
1 67 97 #SUP: 3412
1 36 67 97 #SUP: 3220
1 36 67 94 97 #SUP: 3220
1 36 67 90 94 97 #SUP: 3220
1 36 67 90 97 #SUP: 3220
1 67 94 97 #SUP: 3220
1 67 90 94 97 #SUP: 3220
1 67 90 97 #SUP: 3412
1 36 67 #SUP: 3588
1 36 67 94 #SUP: 3588
1 36 67 90 94 #SUP: 3588
1 36 67 90 #SUP: 3588
1 67 94 #SUP: 3588
1 67 90 94 #SUP: 3588
1 67 90 #SUP: 3780
1 41 #SUP: 4176
1 38 41 #SUP: 2864
1 38 41 97 #SUP: 2624
1 38 41 90 97 #SUP: 2624
1 36 38 41 #SUP: 2672
1 36 38 41 94 #SUP: 2672
1 36 38 41 90 94 #SUP: 2672
1 36 38 41 90 #SUP: 2672
1 38 41 94 #SUP: 2672
1 38 41 90 94 #SUP: 2672
1 38 41 90 #SUP: 2864
1 41 97 #SUP: 3648
1 36 41 97 #SUP: 3456
1 36 41 94 97 #SUP: 3456
1 36 41 90 94 97 #SUP: 3456
1 36 41 90 97 #SUP: 3456
1 41 94 97 #SUP: 3456
1 41 90 94 97 #SUP: 3456
1 41 90 97 #SUP: 3648
1 36 41 #SUP: 3984
1 36 41 94 #SUP: 3984
1 36 41 90 94 #SUP: 3984
1 36 41 90 #SUP: 3984
1 41 94 #SUP: 3984
1 41 90 94 #SUP: 3984
1 41 90 #SUP: 4176
1 38 #SUP: 3008
1 38 97 #SUP: 2768
1 36 38 97 #SUP: 2576
1 36 38 94 97 #SUP: 2576
1 36 38 90 94 97 #SUP: 2576
1 36 38 90 97 #SUP: 2576
1 38 94 97 #SUP: 2576
1 38 90 94 97 #SUP: 2576
1 38 90 97 #SUP: 2768
1 36 38 #SUP: 2816
1 36 38 94 #SUP: 2816
1 36 38 90 94 #SUP: 2816
1 36 38 90 #SUP: 2816
1 38 94 #SUP: 2816
1 38 90 94 #SUP: 2816
1 38 90 #SUP: 3008
1 97 #SUP: 3960
1 36 97 #SUP: 3768
1 36 94 97 #SUP: 3768
1 36 90 94 97 #SUP: 3768
1 36 90 97 #SUP: 3768
1 94 97 #SUP: 3768
1 90 94 97 #SUP: 3768
1 90 97 #SUP: 3960
1 36 #SUP: 4296
1 36 94 #SUP: 4296
1 36 90 94 #SUP: 4296
1 36 90 #SUP: 4296
1 94 #SUP: 4296
1 90 94 #SUP: 4296
1 90 #SUP: 4488
88 #SUP: 4640
79 88 #SUP: 3776
67 79 88 #SUP: 2760
36 67 79 88 #SUP: 2760
36 67 79 88 94 #SUP: 2760
36 67 79 88 90 94 #SUP: 2760
36 67 79 88 90 #SUP: 2760
67 79 88 94 #SUP: 2760
67 79 88 90 94 #SUP: 2760
67 79 88 90 #SUP: 2760
41 79 88 #SUP: 2648
36 41 79 88 #SUP: 2648
36 41 79 88 94 #SUP: 2648
36 41 79 88 90 94 #SUP: 2648
36 41 79 88 90 #SUP: 2648
41 79 88 94 #SUP: 2648
41 79 88 90 94 #SUP: 2648
41 79 88 90 #SUP: 2648
79 88 97 #SUP: 3336
36 79 88 97 #SUP: 3336
36 79 88 94 97 #SUP: 3336
36 79 88 90 94 97 #SUP: 3336
36 79 88 90 97 #SUP: 3336
79 88 94 97 #SUP: 3336
79 88 90 94 97 #SUP: 3336
79 88 90 97 #SUP: 3336
36 79 88 #SUP: 3776
36 79 88 94 #SUP: 3776
36 79 88 90 94 #SUP: 3776
36 79 88 90 #SUP: 3776
79 88 94 #SUP: 3776
79 88 90 94 #SUP: 3776
79 88 90 #SUP: 3776
56 88 #SUP: 2848
56 88 97 #SUP: 2848
36 56 88 97 #SUP: 2848
36 56 88 94 97 #SUP: 2848
36 56 88 90 94 97 #SUP: 2848
36 56 88 90 97 #SUP: 2848
56 88 94 97 #SUP: 2848
56 88 90 94 97 #SUP: 2848
56 88 90 97 #SUP: 2848
36 56 88 #SUP: 2848
36 56 88 94 #SUP: 2848
36 56 88 90 94 #SUP: 2848
36 56 88 90 #SUP: 2848
56 88 94 #SUP: 2848
56 88 90 94 #SUP: 2848
56 88 90 #SUP: 2848
71 88 #SUP: 3168
67 71 88 #SUP: 2552
36 67 71 88 #SUP: 2552
36 67 71 88 94 #SUP: 2552
36 67 71 88 90 94 #SUP: 2552
36 67 71 88 90 #SUP: 2552
67 71 88 94 #SUP: 2552
67 71 88 90 94 #SUP: 2552
67 71 88 90 #SUP: 2552
71 88 97 #SUP: 2824
36 71 88 97 #SUP: 2824
36 71 88 94 97 #SUP: 2824
36 71 88 90 94 97 #SUP: 2824
36 71 88 90 97 #SUP: 2824
71 88 94 97 #SUP: 2824
71 88 90 94 97 #SUP: 2824
71 88 90 97 #SUP: 2824
36 71 88 #SUP: 3168
36 71 88 94 #SUP: 3168
36 71 88 90 94 #SUP: 3168
36 71 88 90 #SUP: 3168
71 88 94 #SUP: 3168
71 88 90 94 #SUP: 3168
71 88 90 #SUP: 3168
67 88 #SUP: 3408
38 67 88 #SUP: 2552
36 38 67 88 #SUP: 2552
36 38 67 88 94 #SUP: 2552
36 38 67 88 90 94 #SUP: 2552
36 38 67 88 90 #SUP: 2552
38 67 88 94 #SUP: 2552
38 67 88 90 94 #SUP: 2552
38 67 88 90 #SUP: 2552
67 88 97 #SUP: 3064
36 67 88 97 #SUP: 3064
36 67 88 94 97 #SUP: 3064
36 67 88 90 94 97 #SUP: 3064
36 67 88 90 97 #SUP: 3064
67 88 94 97 #SUP: 3064
67 88 90 94 97 #SUP: 3064
67 88 90 97 #SUP: 3064
36 67 88 #SUP: 3408
36 67 88 94 #SUP: 3408
36 67 88 90 94 #SUP: 3408
36 67 88 90 #SUP: 3408
67 88 94 #SUP: 3408
67 88 90 94 #SUP: 3408
67 88 90 #SUP: 3408
41 88 #SUP: 3080
41 88 97 #SUP: 2592
36 41 88 97 #SUP: 2592
36 41 88 94 97 #SUP: 2592
36 41 88 90 94 97 #SUP: 2592
36 41 88 90 97 #SUP: 2592
41 88 94 97 #SUP: 2592
41 88 90 94 97 #SUP: 2592
41 88 90 97 #SUP: 2592
36 41 88 #SUP: 3080
36 41 88 94 #SUP: 3080
36 41 88 90 94 #SUP: 3080
36 41 88 90 #SUP: 3080
41 88 94 #SUP: 3080
41 88 90 94 #SUP: 3080
41 88 90 #SUP: 3080
38 88 #SUP: 3128
38 88 97 #SUP: 2928
36 38 88 97 #SUP: 2928
36 38 88 94 97 #SUP: 2928
36 38 88 90 94 97 #SUP: 2928
36 38 88 90 97 #SUP: 2928
38 88 94 97 #SUP: 2928
38 88 90 94 97 #SUP: 2928
38 88 90 97 #SUP: 2928
36 38 88 #SUP: 3128
36 38 88 94 #SUP: 3128
36 38 88 90 94 #SUP: 3128
36 38 88 90 #SUP: 3128
38 88 94 #SUP: 3128
38 88 90 94 #SUP: 3128
38 88 90 #SUP: 3128
88 97 #SUP: 4152
36 88 97 #SUP: 4152
36 88 94 97 #SUP: 4152
36 88 90 94 97 #SUP: 4152
36 88 90 97 #SUP: 4152
88 94 97 #SUP: 4152
88 90 94 97 #SUP: 4152
88 90 97 #SUP: 4152
36 88 #SUP: 4640
36 88 94 #SUP: 4640
36 88 90 94 #SUP: 4640
36 88 90 #SUP: 4640
88 94 #SUP: 4640
88 90 94 #SUP: 4640
88 90 #SUP: 4640
79 #SUP: 4744
56 79 #SUP: 2848
56 79 97 #SUP: 2848
36 56 79 97 #SUP: 2848
36 56 79 94 97 #SUP: 2848
36 56 79 90 94 97 #SUP: 2848
36 56 79 90 97 #SUP: 2848
56 79 94 97 #SUP: 2848
56 79 90 94 97 #SUP: 2848
56 79 90 97 #SUP: 2848
36 56 79 #SUP: 2848
36 56 79 94 #SUP: 2848
36 56 79 90 94 #SUP: 2848
36 56 79 90 #SUP: 2848
56 79 94 #SUP: 2848
56 79 90 94 #SUP: 2848
56 79 90 #SUP: 2848
24 79 #SUP: 2616
24 36 79 #SUP: 2616
24 36 79 94 #SUP: 2616
24 36 79 90 94 #SUP: 2616
24 36 79 90 #SUP: 2616
24 79 94 #SUP: 2616
24 79 90 94 #SUP: 2616
24 79 90 #SUP: 2616
71 79 #SUP: 3204
67 71 79 #SUP: 2570
36 67 71 79 #SUP: 2570
36 67 71 79 94 #SUP: 2570
36 67 71 79 90 94 #SUP: 2570
36 67 71 79 90 #SUP: 2570
67 71 79 94 #SUP: 2570
67 71 79 90 94 #SUP: 2570
67 71 79 90 #SUP: 2570
71 79 97 #SUP: 2860
36 71 79 97 #SUP: 2860
36 71 79 94 97 #SUP: 2860
36 71 79 90 94 97 #SUP: 2860
36 71 79 90 97 #SUP: 2860
71 79 94 97 #SUP: 2860
71 79 90 94 97 #SUP: 2860
71 79 90 97 #SUP: 2860
36 71 79 #SUP: 3204
36 71 79 94 #SUP: 3204
36 71 79 90 94 #SUP: 3204
36 71 79 90 #SUP: 3204
71 79 94 #SUP: 3204
71 79 90 94 #SUP: 3204
71 79 90 #SUP: 3204
67 79 #SUP: 3444
38 67 79 #SUP: 2552
36 38 67 79 #SUP: 2552
36 38 67 79 94 #SUP: 2552
36 38 67 79 90 94 #SUP: 2552
36 38 67 79 90 #SUP: 2552
38 67 79 94 #SUP: 2552
38 67 79 90 94 #SUP: 2552
38 67 79 90 #SUP: 2552
67 79 97 #SUP: 3100
36 67 79 97 #SUP: 3100
36 67 79 94 97 #SUP: 3100
36 67 79 90 94 97 #SUP: 3100
36 67 79 90 97 #SUP: 3100
67 79 94 97 #SUP: 3100
67 79 90 94 97 #SUP: 3100
67 79 90 97 #SUP: 3100
36 67 79 #SUP: 3444
36 67 79 94 #SUP: 3444
36 67 79 90 94 #SUP: 3444
36 67 79 90 #SUP: 3444
67 79 94 #SUP: 3444
67 79 90 94 #SUP: 3444
67 79 90 #SUP: 3444
41 79 #SUP: 3080
41 79 97 #SUP: 2592
36 41 79 97 #SUP: 2592
36 41 79 94 97 #SUP: 2592
36 41 79 90 94 97 #SUP: 2592
36 41 79 90 97 #SUP: 2592
41 79 94 97 #SUP: 2592
41 79 90 94 97 #SUP: 2592
41 79 90 97 #SUP: 2592
36 41 79 #SUP: 3080
36 41 79 94 #SUP: 3080
36 41 79 90 94 #SUP: 3080
36 41 79 90 #SUP: 3080
41 79 94 #SUP: 3080
41 79 90 94 #SUP: 3080
41 79 90 #SUP: 3080
38 79 #SUP: 3160
38 79 97 #SUP: 2960
36 38 79 97 #SUP: 2960
36 38 79 94 97 #SUP: 2960
36 38 79 90 94 97 #SUP: 2960
36 38 79 90 97 #SUP: 2960
38 79 94 97 #SUP: 2960
38 79 90 94 97 #SUP: 2960
38 79 90 97 #SUP: 2960
36 38 79 #SUP: 3160
36 38 79 94 #SUP: 3160
36 38 79 90 94 #SUP: 3160
36 38 79 90 #SUP: 3160
38 79 94 #SUP: 3160
38 79 90 94 #SUP: 3160
38 79 90 #SUP: 3160
79 97 #SUP: 4256
36 79 97 #SUP: 4256
36 79 94 97 #SUP: 4256
36 79 90 94 97 #SUP: 4256
36 79 90 97 #SUP: 4256
79 94 97 #SUP: 4256
79 90 94 97 #SUP: 4256
79 90 97 #SUP: 4256
36 79 #SUP: 4744
36 79 94 #SUP: 4744
36 79 90 94 #SUP: 4744
36 79 90 #SUP: 4744
79 94 #SUP: 4744
79 90 94 #SUP: 4744
79 90 #SUP: 4744
56 #SUP: 4864
24 56 #SUP: 2752
24 56 97 #SUP: 2752
24 36 56 97 #SUP: 2752
24 36 56 94 97 #SUP: 2752
24 36 56 90 94 97 #SUP: 2752
24 36 56 90 97 #SUP: 2752
24 56 94 97 #SUP: 2752
24 56 90 94 97 #SUP: 2752
24 56 90 97 #SUP: 2752
24 36 56 #SUP: 2752
24 36 56 94 #SUP: 2752
24 36 56 90 94 #SUP: 2752
24 36 56 90 #SUP: 2752
24 56 94 #SUP: 2752
24 56 90 94 #SUP: 2752
24 56 90 #SUP: 2752
56 71 #SUP: 3344
56 67 71 #SUP: 2584
56 67 71 97 #SUP: 2584
36 56 67 71 97 #SUP: 2584
36 56 67 71 94 97 #SUP: 2584
36 56 67 71 90 94 97 #SUP: 2584
36 56 67 71 90 97 #SUP: 2584
56 67 71 94 97 #SUP: 2584
56 67 71 90 94 97 #SUP: 2584
56 67 71 90 97 #SUP: 2584
36 56 67 71 #SUP: 2584
36 56 67 71 94 #SUP: 2584
36 56 67 71 90 94 #SUP: 2584
36 56 67 71 90 #SUP: 2584
56 67 71 94 #SUP: 2584
56 67 71 90 94 #SUP: 2584
56 67 71 90 #SUP: 2584
38 56 71 #SUP: 2736
38 56 71 97 #SUP: 2736
36 38 56 71 97 #SUP: 2736
36 38 56 71 94 97 #SUP: 2736
36 38 56 71 90 94 97 #SUP: 2736
36 38 56 71 90 97 #SUP: 2736
38 56 71 94 97 #SUP: 2736
38 56 71 90 94 97 #SUP: 2736
38 56 71 90 97 #SUP: 2736
36 38 56 71 #SUP: 2736
36 38 56 71 94 #SUP: 2736
36 38 56 71 90 94 #SUP: 2736
36 38 56 71 90 #SUP: 2736
38 56 71 94 #SUP: 2736
38 56 71 90 94 #SUP: 2736
38 56 71 90 #SUP: 2736
56 71 97 #SUP: 3344
36 56 71 97 #SUP: 3344
36 56 71 94 97 #SUP: 3344
36 56 71 90 94 97 #SUP: 3344
36 56 71 90 97 #SUP: 3344
56 71 94 97 #SUP: 3344
56 71 90 94 97 #SUP: 3344
56 71 90 97 #SUP: 3344
36 56 71 #SUP: 3344
36 56 71 94 #SUP: 3344
36 56 71 90 94 #SUP: 3344
36 56 71 90 #SUP: 3344
56 71 94 #SUP: 3344
56 71 90 94 #SUP: 3344
56 71 90 #SUP: 3344
56 67 #SUP: 3344
38 56 67 #SUP: 2736
38 56 67 97 #SUP: 2736
36 38 56 67 97 #SUP: 2736
36 38 56 67 94 97 #SUP: 2736
36 38 56 67 90 94 97 #SUP: 2736
36 38 56 67 90 97 #SUP: 2736
38 56 67 94 97 #SUP: 2736
38 56 67 90 94 97 #SUP: 2736
38 56 67 90 97 #SUP: 2736
36 38 56 67 #SUP: 2736
36 38 56 67 94 #SUP: 2736
36 38 56 67 90 94 #SUP: 2736
36 38 56 67 90 #SUP: 2736
38 56 67 94 #SUP: 2736
38 56 67 90 94 #SUP: 2736
38 56 67 90 #SUP: 2736
56 67 97 #SUP: 3344
36 56 67 97 #SUP: 3344
36 56 67 94 97 #SUP: 3344
36 56 67 90 94 97 #SUP: 3344
36 56 67 90 97 #SUP: 3344
56 67 94 97 #SUP: 3344
56 67 90 94 97 #SUP: 3344
56 67 90 97 #SUP: 3344
36 56 67 #SUP: 3344
36 56 67 94 #SUP: 3344
36 56 67 90 94 #SUP: 3344
36 56 67 90 #SUP: 3344
56 67 94 #SUP: 3344
56 67 90 94 #SUP: 3344
56 67 90 #SUP: 3344
41 56 #SUP: 3040
41 56 97 #SUP: 3040
36 41 56 97 #SUP: 3040
36 41 56 94 97 #SUP: 3040
36 41 56 90 94 97 #SUP: 3040
36 41 56 90 97 #SUP: 3040
41 56 94 97 #SUP: 3040
41 56 90 94 97 #SUP: 3040
41 56 90 97 #SUP: 3040
36 41 56 #SUP: 3040
36 41 56 94 #SUP: 3040
36 41 56 90 94 #SUP: 3040
36 41 56 90 #SUP: 3040
41 56 94 #SUP: 3040
41 56 90 94 #SUP: 3040
41 56 90 #SUP: 3040
38 56 #SUP: 3744
38 56 97 #SUP: 3744
36 38 56 97 #SUP: 3744
36 38 56 94 97 #SUP: 3744
36 38 56 90 94 97 #SUP: 3744
36 38 56 90 97 #SUP: 3744
38 56 94 97 #SUP: 3744
38 56 90 94 97 #SUP: 3744
38 56 90 97 #SUP: 3744
36 38 56 #SUP: 3744
36 38 56 94 #SUP: 3744
36 38 56 90 94 #SUP: 3744
36 38 56 90 #SUP: 3744
38 56 94 #SUP: 3744
38 56 90 94 #SUP: 3744
38 56 90 #SUP: 3744
56 97 #SUP: 4864
36 56 97 #SUP: 4864
36 56 94 97 #SUP: 4864
36 56 90 94 97 #SUP: 4864
36 56 90 97 #SUP: 4864
56 94 97 #SUP: 4864
56 90 94 97 #SUP: 4864
56 90 97 #SUP: 4864
36 56 #SUP: 4864
36 56 94 #SUP: 4864
36 56 90 94 #SUP: 4864
36 56 90 #SUP: 4864
56 94 #SUP: 4864
56 90 94 #SUP: 4864
56 90 #SUP: 4864
24 #SUP: 5040
24 41 #SUP: 2864
24 36 41 #SUP: 2648
24 36 41 94 #SUP: 2648
24 36 41 90 94 #SUP: 2648
24 36 41 90 #SUP: 2648
24 41 94 #SUP: 2672
24 41 90 94 #SUP: 2672
24 41 90 #SUP: 2864
24 38 #SUP: 3552
24 38 97 #SUP: 3488
24 36 38 97 #SUP: 3296
24 36 38 94 97 #SUP: 3296
24 36 38 90 94 97 #SUP: 3296
24 36 38 90 97 #SUP: 3296
24 38 94 97 #SUP: 3296
24 38 90 94 97 #SUP: 3296
24 38 90 97 #SUP: 3488
24 36 38 #SUP: 3336
24 36 38 94 #SUP: 3336
24 36 38 90 94 #SUP: 3336
24 36 38 90 #SUP: 3336
24 38 94 #SUP: 3360
24 38 90 94 #SUP: 3360
24 38 90 #SUP: 3552
24 97 #SUP: 4688
24 36 97 #SUP: 4496
24 36 94 97 #SUP: 4488
24 36 90 94 97 #SUP: 4488
24 36 90 97 #SUP: 4496
24 94 97 #SUP: 4488
24 90 94 97 #SUP: 4488
24 90 97 #SUP: 4688
24 36 #SUP: 4824
24 36 94 #SUP: 4816
24 36 90 94 #SUP: 4816
24 36 90 #SUP: 4824
24 94 #SUP: 4840
24 90 94 #SUP: 4840
24 90 #SUP: 5040
71 #SUP: 5076
67 71 #SUP: 4226
41 67 71 #SUP: 3128
38 41 67 71 #SUP: 2800
36 38 41 67 71 #SUP: 2608
36 38 41 67 71 94 #SUP: 2608
36 38 41 67 71 90 94 #SUP: 2608
36 38 41 67 71 90 #SUP: 2608
38 41 67 71 94 #SUP: 2608
38 41 67 71 90 94 #SUP: 2608
38 41 67 71 90 #SUP: 2800
41 67 71 97 #SUP: 2760
36 41 67 71 97 #SUP: 2568
36 41 67 71 94 97 #SUP: 2568
36 41 67 71 90 94 97 #SUP: 2568
36 41 67 71 90 97 #SUP: 2568
41 67 71 94 97 #SUP: 2568
41 67 71 90 94 97 #SUP: 2568
41 67 71 90 97 #SUP: 2760
36 41 67 71 #SUP: 2936
36 41 67 71 94 #SUP: 2936
36 41 67 71 90 94 #SUP: 2936
36 41 67 71 90 #SUP: 2936
41 67 71 94 #SUP: 2936
41 67 71 90 94 #SUP: 2936
41 67 71 90 #SUP: 3128
38 67 71 #SUP: 3680
38 67 71 97 #SUP: 3384
36 38 67 71 97 #SUP: 3192
36 38 67 71 94 97 #SUP: 3192
36 38 67 71 90 94 97 #SUP: 3192
36 38 67 71 90 97 #SUP: 3192
38 67 71 94 97 #SUP: 3192
38 67 71 90 94 97 #SUP: 3192
38 67 71 90 97 #SUP: 3384
36 38 67 71 #SUP: 3488
36 38 67 71 94 #SUP: 3488
36 38 67 71 90 94 #SUP: 3488
36 38 67 71 90 #SUP: 3488
38 67 71 94 #SUP: 3488
38 67 71 90 94 #SUP: 3488
38 67 71 90 #SUP: 3680
67 71 97 #SUP: 3858
36 67 71 97 #SUP: 3666
36 67 71 94 97 #SUP: 3666
36 67 71 90 94 97 #SUP: 3666
36 67 71 90 97 #SUP: 3666
67 71 94 97 #SUP: 3666
67 71 90 94 97 #SUP: 3666
67 71 90 97 #SUP: 3858
36 67 71 #SUP: 4034
36 67 71 94 #SUP: 4034
36 67 71 90 94 #SUP: 4034
36 67 71 90 #SUP: 4034
67 71 94 #SUP: 4034
67 71 90 94 #SUP: 4034
67 71 90 #SUP: 4226
41 71 #SUP: 3528
38 41 71 #SUP: 2872
38 41 71 97 #SUP: 2576
38 41 71 90 97 #SUP: 2576
36 38 41 71 #SUP: 2680
36 38 41 71 94 #SUP: 2680
36 38 41 71 90 94 #SUP: 2680
36 38 41 71 90 #SUP: 2680
38 41 71 94 #SUP: 2680
38 41 71 90 94 #SUP: 2680
38 41 71 90 #SUP: 2872
41 71 97 #SUP: 3088
36 41 71 97 #SUP: 2896
36 41 71 94 97 #SUP: 2896
36 41 71 90 94 97 #SUP: 2896
36 41 71 90 97 #SUP: 2896
41 71 94 97 #SUP: 2896
41 71 90 94 97 #SUP: 2896
41 71 90 97 #SUP: 3088
36 41 71 #SUP: 3336
36 41 71 94 #SUP: 3336
36 41 71 90 94 #SUP: 3336
36 41 71 90 #SUP: 3336
41 71 94 #SUP: 3336
41 71 90 94 #SUP: 3336
41 71 90 #SUP: 3528
38 71 #SUP: 4184
38 71 97 #SUP: 3888
36 38 71 97 #SUP: 3696
36 38 71 94 97 #SUP: 3696
36 38 71 90 94 97 #SUP: 3696
36 38 71 90 97 #SUP: 3696
38 71 94 97 #SUP: 3696
38 71 90 94 97 #SUP: 3696
38 71 90 97 #SUP: 3888
36 38 71 #SUP: 3992
36 38 71 94 #SUP: 3992
36 38 71 90 94 #SUP: 3992
36 38 71 90 #SUP: 3992
38 71 94 #SUP: 3992
38 71 90 94 #SUP: 3992
38 71 90 #SUP: 4184
71 97 #SUP: 4636
36 71 97 #SUP: 4444
36 71 94 97 #SUP: 4444
36 71 90 94 97 #SUP: 4444
36 71 90 97 #SUP: 4444
71 94 97 #SUP: 4444
71 90 94 97 #SUP: 4444
71 90 97 #SUP: 4636
36 71 #SUP: 4884
36 71 94 #SUP: 4884
36 71 90 94 #SUP: 4884
36 71 90 #SUP: 4884
71 94 #SUP: 4884
71 90 94 #SUP: 4884
71 90 #SUP: 5076
67 #SUP: 5316
41 67 #SUP: 3720
38 41 67 #SUP: 3064
38 41 67 97 #SUP: 2768
36 38 41 67 97 #SUP: 2576
36 38 41 67 94 97 #SUP: 2576
36 38 41 67 90 94 97 #SUP: 2576
36 38 41 67 90 97 #SUP: 2576
38 41 67 94 97 #SUP: 2576
38 41 67 90 94 97 #SUP: 2576
38 41 67 90 97 #SUP: 2768
36 38 41 67 #SUP: 2872
36 38 41 67 94 #SUP: 2872
36 38 41 67 90 94 #SUP: 2872
36 38 41 67 90 #SUP: 2872
38 41 67 94 #SUP: 2872
38 41 67 90 94 #SUP: 2872
38 41 67 90 #SUP: 3064
41 67 97 #SUP: 3280
36 41 67 97 #SUP: 3088
36 41 67 94 97 #SUP: 3088
36 41 67 90 94 97 #SUP: 3088
36 41 67 90 97 #SUP: 3088
41 67 94 97 #SUP: 3088
41 67 90 94 97 #SUP: 3088
41 67 90 97 #SUP: 3280
36 41 67 #SUP: 3528
36 41 67 94 #SUP: 3528
36 41 67 90 94 #SUP: 3528
36 41 67 90 #SUP: 3528
41 67 94 #SUP: 3528
41 67 90 94 #SUP: 3528
41 67 90 #SUP: 3720
38 67 #SUP: 4424
38 67 97 #SUP: 4128
36 38 67 97 #SUP: 3936
36 38 67 94 97 #SUP: 3936
36 38 67 90 94 97 #SUP: 3936
36 38 67 90 97 #SUP: 3936
38 67 94 97 #SUP: 3936
38 67 90 94 97 #SUP: 3936
38 67 90 97 #SUP: 4128
36 38 67 #SUP: 4232
36 38 67 94 #SUP: 4232
36 38 67 90 94 #SUP: 4232
36 38 67 90 #SUP: 4232
38 67 94 #SUP: 4232
38 67 90 94 #SUP: 4232
38 67 90 #SUP: 4424
67 97 #SUP: 4876
36 67 97 #SUP: 4684
36 67 94 97 #SUP: 4684
36 67 90 94 97 #SUP: 4684
36 67 90 97 #SUP: 4684
67 94 97 #SUP: 4684
67 90 94 97 #SUP: 4684
67 90 97 #SUP: 4876
36 67 #SUP: 5124
36 67 94 #SUP: 5124
36 67 90 94 #SUP: 5124
36 67 90 #SUP: 5124
67 94 #SUP: 5124
67 90 94 #SUP: 5124
67 90 #SUP: 5316
41 #SUP: 5880
38 41 #SUP: 4568
38 41 97 #SUP: 4208
36 38 41 97 #SUP: 4016
36 38 41 94 97 #SUP: 4016
36 38 41 90 94 97 #SUP: 4016
36 38 41 90 97 #SUP: 4016
38 41 94 97 #SUP: 4016
38 41 90 94 97 #SUP: 4016
38 41 90 97 #SUP: 4208
36 38 41 #SUP: 4352
36 38 41 94 #SUP: 4352
36 38 41 90 94 #SUP: 4352
36 38 41 90 #SUP: 4352
38 41 94 #SUP: 4376
38 41 90 94 #SUP: 4376
38 41 90 #SUP: 4568
41 97 #SUP: 5232
36 41 97 #SUP: 5040
36 41 94 97 #SUP: 5040
36 41 90 94 97 #SUP: 5040
36 41 90 97 #SUP: 5040
41 94 97 #SUP: 5040
41 90 94 97 #SUP: 5040
41 90 97 #SUP: 5232
36 41 #SUP: 5664
36 41 94 #SUP: 5664
36 41 90 94 #SUP: 5664
36 41 90 #SUP: 5664
41 94 #SUP: 5688
41 90 94 #SUP: 5688
41 90 #SUP: 5880
38 #SUP: 6824
38 97 #SUP: 6464
36 38 97 #SUP: 6272
36 38 94 97 #SUP: 6272
36 38 90 94 97 #SUP: 6272
36 38 90 97 #SUP: 6272
38 94 97 #SUP: 6272
38 90 94 97 #SUP: 6272
38 90 97 #SUP: 6464
36 38 #SUP: 6608
36 38 94 #SUP: 6608
36 38 90 94 #SUP: 6608
36 38 90 #SUP: 6608
38 94 #SUP: 6632
38 90 94 #SUP: 6632
38 90 #SUP: 6824
97 #SUP: 7768
36 97 #SUP: 7576
36 94 97 #SUP: 7568
36 90 94 97 #SUP: 7568
36 90 97 #SUP: 7576
94 97 #SUP: 7568
90 94 97 #SUP: 7568
90 97 #SUP: 7768
36 #SUP: 8200
36 94 #SUP: 8192
36 90 94 #SUP: 8192
36 90 #SUP: 8200
94 #SUP: 8216
90 94 #SUP: 8216
90 #SUP: 8416
